48.776,48.776
49.9954,48.776
51.2148,48.776
52.4342,48.776
53.6536,48.776
54.873,48.776
56.0924,48.776
57.3118,48.776
58.5312,48.776
59.7506,48.776
60.97,48.776
62.1894,48.776
63.4088,48.776
64.6282,48.776
65.8476,48.776
67.067,48.776
68.2864,48.776
69.5058,48.776
70.7252,48.776
71.9446,48.776
73.164,48.776
74.3834,48.776
75.6028,48.776
76.8222,48.776
78.0416,48.776
79.261,48.776
80.4804,48.776
81.6998,48.776
82.9192,48.776
84.1386,48.776
85.358,48.776
86.5774,48.776
87.7968,48.776
89.0162,48.776
90.2356,48.776
91.455,48.776
92.6744,48.776
93.8938,48.776
95.1132,48.776
96.3326,48.776
97.552,48.776
52.4342,47.5566
56.0924,47.5566
57.3118,47.5566
62.1894,47.5566
63.4088,47.5566
64.6282,47.5566
65.8476,47.5566
67.067,47.5566
69.5058,47.5566
71.9446,47.5566
75.6028,47.5566
78.0416,47.5566
80.4804,47.5566
81.6998,47.5566
82.9192,47.5566
84.1386,47.5566
85.358,47.5566
90.2356,47.5566
91.455,47.5566
95.1132,47.5566
52.4342,46.3372
56.0924,46.3372
57.3118,46.3372
62.1894,46.3372
63.4088,46.3372
64.6282,46.3372
65.8476,46.3372
67.067,46.3372
69.5058,46.3372
71.9446,46.3372
75.6028,46.3372
78.0416,46.3372
80.4804,46.3372
81.6998,46.3372
82.9192,46.3372
84.1386,46.3372
85.358,46.3372
90.2356,46.3372
91.455,46.3372
95.1132,46.3372
49.9954,45.1178
51.2148,45.1178
53.6536,45.1178
54.873,45.1178
58.5312,45.1178
59.7506,45.1178
60.97,45.1178
68.2864,45.1178
70.7252,45.1178
73.164,45.1178
74.3834,45.1178
76.8222,45.1178
79.261,45.1178
86.5774,45.1178
87.7968,45.1178
89.0162,45.1178
92.6744,45.1178
93.8938,45.1178
96.3326,45.1178
97.552,45.1178
52.4342,43.8984
56.0924,43.8984
57.3118,43.8984
62.1894,43.8984
63.4088,43.8984
64.6282,43.8984
65.8476,43.8984
67.067,43.8984
69.5058,43.8984
71.9446,43.8984
75.6028,43.8984
78.0416,43.8984
80.4804,43.8984
81.6998,43.8984
82.9192,43.8984
84.1386,43.8984
85.358,43.8984
90.2356,43.8984
91.455,43.8984
95.1132,43.8984
52.4342,42.679
56.0924,42.679
57.3118,42.679
62.1894,42.679
63.4088,42.679
64.6282,42.679
65.8476,42.679
67.067,42.679
69.5058,42.679
71.9446,42.679
75.6028,42.679
78.0416,42.679
80.4804,42.679
81.6998,42.679
82.9192,42.679
84.1386,42.679
85.358,42.679
90.2356,42.679
91.455,42.679
95.1132,42.679
49.9954,41.4596
51.2148,41.4596
53.6536,41.4596
54.873,41.4596
58.5312,41.4596
59.7506,41.4596
60.97,41.4596
68.2864,41.4596
70.7252,41.4596
73.164,41.4596
74.3834,41.4596
76.8222,41.4596
79.261,41.4596
86.5774,41.4596
87.7968,41.4596
89.0162,41.4596
92.6744,41.4596
93.8938,41.4596
96.3326,41.4596
97.552,41.4596
49.9954,40.2402
51.2148,40.2402
53.6536,40.2402
54.873,40.2402
58.5312,40.2402
59.7506,40.2402
60.97,40.2402
68.2864,40.2402
70.7252,40.2402
73.164,40.2402
74.3834,40.2402
76.8222,40.2402
79.261,40.2402
86.5774,40.2402
87.7968,40.2402
89.0162,40.2402
92.6744,40.2402
93.8938,40.2402
96.3326,40.2402
97.552,40.2402
52.4342,39.0208
56.0924,39.0208
57.3118,39.0208
62.1894,39.0208
63.4088,39.0208
64.6282,39.0208
65.8476,39.0208
67.067,39.0208
69.5058,39.0208
71.9446,39.0208
75.6028,39.0208
78.0416,39.0208
80.4804,39.0208
81.6998,39.0208
82.9192,39.0208
84.1386,39.0208
85.358,39.0208
90.2356,39.0208
91.455,39.0208
95.1132,39.0208
52.4342,37.8014
56.0924,37.8014
57.3118,37.8014
62.1894,37.8014
63.4088,37.8014
64.6282,37.8014
65.8476,37.8014
67.067,37.8014
69.5058,37.8014
71.9446,37.8014
75.6028,37.8014
78.0416,37.8014
80.4804,37.8014
81.6998,37.8014
82.9192,37.8014
84.1386,37.8014
85.358,37.8014
90.2356,37.8014
91.455,37.8014
95.1132,37.8014
52.4342,36.582
56.0924,36.582
57.3118,36.582
62.1894,36.582
63.4088,36.582
64.6282,36.582
65.8476,36.582
67.067,36.582
69.5058,36.582
71.9446,36.582
75.6028,36.582
78.0416,36.582
80.4804,36.582
81.6998,36.582
82.9192,36.582
84.1386,36.582
85.358,36.582
90.2356,36.582
91.455,36.582
95.1132,36.582
49.9954,35.3626
51.2148,35.3626
53.6536,35.3626
54.873,35.3626
58.5312,35.3626
59.7506,35.3626
60.97,35.3626
68.2864,35.3626
70.7252,35.3626
73.164,35.3626
74.3834,35.3626
76.8222,35.3626
79.261,35.3626
86.5774,35.3626
87.7968,35.3626
89.0162,35.3626
92.6744,35.3626
93.8938,35.3626
96.3326,35.3626
97.552,35.3626
49.9954,34.1432
51.2148,34.1432
53.6536,34.1432
54.873,34.1432
58.5312,34.1432
59.7506,34.1432
60.97,34.1432
68.2864,34.1432
70.7252,34.1432
73.164,34.1432
74.3834,34.1432
76.8222,34.1432
79.261,34.1432
86.5774,34.1432
87.7968,34.1432
89.0162,34.1432
92.6744,34.1432
93.8938,34.1432
96.3326,34.1432
97.552,34.1432
49.9954,32.9238
51.2148,32.9238
53.6536,32.9238
54.873,32.9238
58.5312,32.9238
59.7506,32.9238
60.97,32.9238
68.2864,32.9238
70.7252,32.9238
73.164,32.9238
74.3834,32.9238
76.8222,32.9238
79.261,32.9238
86.5774,32.9238
87.7968,32.9238
89.0162,32.9238
92.6744,32.9238
93.8938,32.9238
96.3326,32.9238
97.552,32.9238
49.9954,31.7044
51.2148,31.7044
53.6536,31.7044
54.873,31.7044
58.5312,31.7044
59.7506,31.7044
60.97,31.7044
68.2864,31.7044
70.7252,31.7044
73.164,31.7044
74.3834,31.7044
76.8222,31.7044
79.261,31.7044
86.5774,31.7044
87.7968,31.7044
89.0162,31.7044
92.6744,31.7044
93.8938,31.7044
96.3326,31.7044
97.552,31.7044
49.9954,30.485
51.2148,30.485
53.6536,30.485
54.873,30.485
58.5312,30.485
59.7506,30.485
60.97,30.485
68.2864,30.485
70.7252,30.485
73.164,30.485
74.3834,30.485
76.8222,30.485
79.261,30.485
86.5774,30.485
87.7968,30.485
89.0162,30.485
92.6744,30.485
93.8938,30.485
96.3326,30.485
97.552,30.485
52.4342,29.2656
56.0924,29.2656
57.3118,29.2656
62.1894,29.2656
63.4088,29.2656
64.6282,29.2656
65.8476,29.2656
67.067,29.2656
69.5058,29.2656
71.9446,29.2656
75.6028,29.2656
78.0416,29.2656
80.4804,29.2656
81.6998,29.2656
82.9192,29.2656
84.1386,29.2656
85.358,29.2656
90.2356,29.2656
91.455,29.2656
95.1132,29.2656
49.9954,28.0462
51.2148,28.0462
53.6536,28.0462
54.873,28.0462
58.5312,28.0462
59.7506,28.0462
60.97,28.0462
68.2864,28.0462
70.7252,28.0462
73.164,28.0462
74.3834,28.0462
76.8222,28.0462
79.261,28.0462
86.5774,28.0462
87.7968,28.0462
89.0162,28.0462
92.6744,28.0462
93.8938,28.0462
96.3326,28.0462
97.552,28.0462
52.4342,26.8268
56.0924,26.8268
57.3118,26.8268
62.1894,26.8268
63.4088,26.8268
64.6282,26.8268
65.8476,26.8268
67.067,26.8268
69.5058,26.8268
71.9446,26.8268
75.6028,26.8268
78.0416,26.8268
80.4804,26.8268
81.6998,26.8268
82.9192,26.8268
84.1386,26.8268
85.358,26.8268
90.2356,26.8268
91.455,26.8268
95.1132,26.8268
49.9954,25.6074
51.2148,25.6074
53.6536,25.6074
54.873,25.6074
58.5312,25.6074
59.7506,25.6074
60.97,25.6074
68.2864,25.6074
70.7252,25.6074
73.164,25.6074
74.3834,25.6074
76.8222,25.6074
79.261,25.6074
86.5774,25.6074
87.7968,25.6074
89.0162,25.6074
92.6744,25.6074
93.8938,25.6074
96.3326,25.6074
97.552,25.6074
52.4342,24.388
56.0924,24.388
57.3118,24.388
62.1894,24.388
63.4088,24.388
64.6282,24.388
65.8476,24.388
67.067,24.388
69.5058,24.388
71.9446,24.388
75.6028,24.388
78.0416,24.388
80.4804,24.388
81.6998,24.388
82.9192,24.388
84.1386,24.388
85.358,24.388
90.2356,24.388
91.455,24.388
95.1132,24.388
52.4342,23.1686
56.0924,23.1686
57.3118,23.1686
62.1894,23.1686
63.4088,23.1686
64.6282,23.1686
65.8476,23.1686
67.067,23.1686
69.5058,23.1686
71.9446,23.1686
75.6028,23.1686
78.0416,23.1686
80.4804,23.1686
81.6998,23.1686
82.9192,23.1686
84.1386,23.1686
85.358,23.1686
90.2356,23.1686
91.455,23.1686
95.1132,23.1686
49.9954,21.9492
51.2148,21.9492
53.6536,21.9492
54.873,21.9492
58.5312,21.9492
59.7506,21.9492
60.97,21.9492
68.2864,21.9492
70.7252,21.9492
73.164,21.9492
74.3834,21.9492
76.8222,21.9492
79.261,21.9492
86.5774,21.9492
87.7968,21.9492
89.0162,21.9492
92.6744,21.9492
93.8938,21.9492
96.3326,21.9492
97.552,21.9492
52.4342,20.7298
56.0924,20.7298
57.3118,20.7298
62.1894,20.7298
63.4088,20.7298
64.6282,20.7298
65.8476,20.7298
67.067,20.7298
69.5058,20.7298
71.9446,20.7298
75.6028,20.7298
78.0416,20.7298
80.4804,20.7298
81.6998,20.7298
82.9192,20.7298
84.1386,20.7298
85.358,20.7298
90.2356,20.7298
91.455,20.7298
95.1132,20.7298
49.9954,19.5104
51.2148,19.5104
53.6536,19.5104
54.873,19.5104
58.5312,19.5104
59.7506,19.5104
60.97,19.5104
68.2864,19.5104
70.7252,19.5104
73.164,19.5104
74.3834,19.5104
76.8222,19.5104
79.261,19.5104
86.5774,19.5104
87.7968,19.5104
89.0162,19.5104
92.6744,19.5104
93.8938,19.5104
96.3326,19.5104
97.552,19.5104
52.4342,18.291
56.0924,18.291
57.3118,18.291
62.1894,18.291
63.4088,18.291
64.6282,18.291
65.8476,18.291
67.067,18.291
69.5058,18.291
71.9446,18.291
75.6028,18.291
78.0416,18.291
80.4804,18.291
81.6998,18.291
82.9192,18.291
84.1386,18.291
85.358,18.291
90.2356,18.291
91.455,18.291
95.1132,18.291
49.9954,17.0716
51.2148,17.0716
53.6536,17.0716
54.873,17.0716
58.5312,17.0716
59.7506,17.0716
60.97,17.0716
68.2864,17.0716
70.7252,17.0716
73.164,17.0716
74.3834,17.0716
76.8222,17.0716
79.261,17.0716
86.5774,17.0716
87.7968,17.0716
89.0162,17.0716
92.6744,17.0716
93.8938,17.0716
96.3326,17.0716
97.552,17.0716
49.9954,15.8522
51.2148,15.8522
53.6536,15.8522
54.873,15.8522
58.5312,15.8522
59.7506,15.8522
60.97,15.8522
68.2864,15.8522
70.7252,15.8522
73.164,15.8522
74.3834,15.8522
76.8222,15.8522
79.261,15.8522
86.5774,15.8522
87.7968,15.8522
89.0162,15.8522
92.6744,15.8522
93.8938,15.8522
96.3326,15.8522
97.552,15.8522
49.9954,14.6328
51.2148,14.6328
53.6536,14.6328
54.873,14.6328
58.5312,14.6328
59.7506,14.6328
60.97,14.6328
68.2864,14.6328
70.7252,14.6328
73.164,14.6328
74.3834,14.6328
76.8222,14.6328
79.261,14.6328
86.5774,14.6328
87.7968,14.6328
89.0162,14.6328
92.6744,14.6328
93.8938,14.6328
96.3326,14.6328
97.552,14.6328
49.9954,13.4134
51.2148,13.4134
53.6536,13.4134
54.873,13.4134
58.5312,13.4134
59.7506,13.4134
60.97,13.4134
68.2864,13.4134
70.7252,13.4134
73.164,13.4134
74.3834,13.4134
76.8222,13.4134
79.261,13.4134
86.5774,13.4134
87.7968,13.4134
89.0162,13.4134
92.6744,13.4134
93.8938,13.4134
96.3326,13.4134
97.552,13.4134
49.9954,12.194
51.2148,12.194
53.6536,12.194
54.873,12.194
58.5312,12.194
59.7506,12.194
60.97,12.194
68.2864,12.194
70.7252,12.194
73.164,12.194
74.3834,12.194
76.8222,12.194
79.261,12.194
86.5774,12.194
87.7968,12.194
89.0162,12.194
92.6744,12.194
93.8938,12.194
96.3326,12.194
97.552,12.194
52.4342,10.9746
56.0924,10.9746
57.3118,10.9746
62.1894,10.9746
63.4088,10.9746
64.6282,10.9746
65.8476,10.9746
67.067,10.9746
69.5058,10.9746
71.9446,10.9746
75.6028,10.9746
78.0416,10.9746
80.4804,10.9746
81.6998,10.9746
82.9192,10.9746
84.1386,10.9746
85.358,10.9746
90.2356,10.9746
91.455,10.9746
95.1132,10.9746
52.4342,9.7552
56.0924,9.7552
57.3118,9.7552
62.1894,9.7552
63.4088,9.7552
64.6282,9.7552
65.8476,9.7552
67.067,9.7552
69.5058,9.7552
71.9446,9.7552
75.6028,9.7552
78.0416,9.7552
80.4804,9.7552
81.6998,9.7552
82.9192,9.7552
84.1386,9.7552
85.358,9.7552
90.2356,9.7552
91.455,9.7552
95.1132,9.7552
52.4342,8.5358
56.0924,8.5358
57.3118,8.5358
62.1894,8.5358
63.4088,8.5358
64.6282,8.5358
65.8476,8.5358
67.067,8.5358
69.5058,8.5358
71.9446,8.5358
75.6028,8.5358
78.0416,8.5358
80.4804,8.5358
81.6998,8.5358
82.9192,8.5358
84.1386,8.5358
85.358,8.5358
90.2356,8.5358
91.455,8.5358
95.1132,8.5358
49.9954,7.3164
51.2148,7.3164
53.6536,7.3164
54.873,7.3164
58.5312,7.3164
59.7506,7.3164
60.97,7.3164
68.2864,7.3164
70.7252,7.3164
73.164,7.3164
74.3834,7.3164
76.8222,7.3164
79.261,7.3164
86.5774,7.3164
87.7968,7.3164
89.0162,7.3164
92.6744,7.3164
93.8938,7.3164
96.3326,7.3164
97.552,7.3164
49.9954,6.097
51.2148,6.097
53.6536,6.097
54.873,6.097
58.5312,6.097
59.7506,6.097
60.97,6.097
68.2864,6.097
70.7252,6.097
73.164,6.097
74.3834,6.097
76.8222,6.097
79.261,6.097
86.5774,6.097
87.7968,6.097
89.0162,6.097
92.6744,6.097
93.8938,6.097
96.3326,6.097
97.552,6.097
52.4342,4.8776
56.0924,4.8776
57.3118,4.8776
62.1894,4.8776
63.4088,4.8776
64.6282,4.8776
65.8476,4.8776
67.067,4.8776
69.5058,4.8776
71.9446,4.8776
75.6028,4.8776
78.0416,4.8776
80.4804,4.8776
81.6998,4.8776
82.9192,4.8776
84.1386,4.8776
85.358,4.8776
90.2356,4.8776
91.455,4.8776
95.1132,4.8776
52.4342,3.6582
56.0924,3.6582
57.3118,3.6582
62.1894,3.6582
63.4088,3.6582
64.6282,3.6582
65.8476,3.6582
67.067,3.6582
69.5058,3.6582
71.9446,3.6582
75.6028,3.6582
78.0416,3.6582
80.4804,3.6582
81.6998,3.6582
82.9192,3.6582
84.1386,3.6582
85.358,3.6582
90.2356,3.6582
91.455,3.6582
95.1132,3.6582
49.9954,2.4388
51.2148,2.4388
53.6536,2.4388
54.873,2.4388
58.5312,2.4388
59.7506,2.4388
60.97,2.4388
68.2864,2.4388
70.7252,2.4388
73.164,2.4388
74.3834,2.4388
76.8222,2.4388
79.261,2.4388
86.5774,2.4388
87.7968,2.4388
89.0162,2.4388
92.6744,2.4388
93.8938,2.4388
96.3326,2.4388
97.552,2.4388
52.4342,1.2194
56.0924,1.2194
57.3118,1.2194
62.1894,1.2194
63.4088,1.2194
64.6282,1.2194
65.8476,1.2194
67.067,1.2194
69.5058,1.2194
71.9446,1.2194
75.6028,1.2194
78.0416,1.2194
80.4804,1.2194
81.6998,1.2194
82.9192,1.2194
84.1386,1.2194
85.358,1.2194
90.2356,1.2194
91.455,1.2194
95.1132,1.2194
52.4342,0.0
56.0924,0.0
57.3118,0.0
62.1894,0.0
63.4088,0.0
64.6282,0.0
65.8476,0.0
67.067,0.0
69.5058,0.0
71.9446,0.0
75.6028,0.0
78.0416,0.0
80.4804,0.0
81.6998,0.0
82.9192,0.0
84.1386,0.0
85.358,0.0
90.2356,0.0
91.455,0.0
95.1132,0.0
48.776,98.7714
49.9954,98.7714
51.2148,98.7714
52.4342,98.7714
53.6536,98.7714
54.873,98.7714
56.0924,98.7714
57.3118,98.7714
58.5312,98.7714
59.7506,98.7714
60.97,98.7714
62.1894,98.7714
63.4088,98.7714
64.6282,98.7714
65.8476,98.7714
67.067,98.7714
68.2864,98.7714
69.5058,98.7714
70.7252,98.7714
71.9446,98.7714
73.164,98.7714
74.3834,98.7714
75.6028,98.7714
76.8222,98.7714
78.0416,98.7714
79.261,98.7714
80.4804,98.7714
81.6998,98.7714
82.9192,98.7714
84.1386,98.7714
85.358,98.7714
86.5774,98.7714
87.7968,98.7714
89.0162,98.7714
90.2356,98.7714
91.455,98.7714
92.6744,98.7714
93.8938,98.7714
95.1132,98.7714
96.3326,98.7714
97.552,98.7714
52.4342,97.552
56.0924,97.552
57.3118,97.552
62.1894,97.552
63.4088,97.552
64.6282,97.552
65.8476,97.552
67.067,97.552
69.5058,97.552
71.9446,97.552
75.6028,97.552
78.0416,97.552
80.4804,97.552
81.6998,97.552
82.9192,97.552
84.1386,97.552
85.358,97.552
90.2356,97.552
91.455,97.552
95.1132,97.552
52.4342,96.3326
56.0924,96.3326
57.3118,96.3326
62.1894,96.3326
63.4088,96.3326
64.6282,96.3326
65.8476,96.3326
67.067,96.3326
69.5058,96.3326
71.9446,96.3326
75.6028,96.3326
78.0416,96.3326
80.4804,96.3326
81.6998,96.3326
82.9192,96.3326
84.1386,96.3326
85.358,96.3326
90.2356,96.3326
91.455,96.3326
95.1132,96.3326
49.9954,95.1132
51.2148,95.1132
53.6536,95.1132
54.873,95.1132
58.5312,95.1132
59.7506,95.1132
60.97,95.1132
68.2864,95.1132
70.7252,95.1132
73.164,95.1132
74.3834,95.1132
76.8222,95.1132
79.261,95.1132
86.5774,95.1132
87.7968,95.1132
89.0162,95.1132
92.6744,95.1132
93.8938,95.1132
96.3326,95.1132
97.552,95.1132
52.4342,93.8938
56.0924,93.8938
57.3118,93.8938
62.1894,93.8938
63.4088,93.8938
64.6282,93.8938
65.8476,93.8938
67.067,93.8938
69.5058,93.8938
71.9446,93.8938
75.6028,93.8938
78.0416,93.8938
80.4804,93.8938
81.6998,93.8938
82.9192,93.8938
84.1386,93.8938
85.358,93.8938
90.2356,93.8938
91.455,93.8938
95.1132,93.8938
52.4342,92.6744
56.0924,92.6744
57.3118,92.6744
62.1894,92.6744
63.4088,92.6744
64.6282,92.6744
65.8476,92.6744
67.067,92.6744
69.5058,92.6744
71.9446,92.6744
75.6028,92.6744
78.0416,92.6744
80.4804,92.6744
81.6998,92.6744
82.9192,92.6744
84.1386,92.6744
85.358,92.6744
90.2356,92.6744
91.455,92.6744
95.1132,92.6744
49.9954,91.455
51.2148,91.455
53.6536,91.455
54.873,91.455
58.5312,91.455
59.7506,91.455
60.97,91.455
68.2864,91.455
70.7252,91.455
73.164,91.455
74.3834,91.455
76.8222,91.455
79.261,91.455
86.5774,91.455
87.7968,91.455
89.0162,91.455
92.6744,91.455
93.8938,91.455
96.3326,91.455
97.552,91.455
49.9954,90.2356
51.2148,90.2356
53.6536,90.2356
54.873,90.2356
58.5312,90.2356
59.7506,90.2356
60.97,90.2356
68.2864,90.2356
70.7252,90.2356
73.164,90.2356
74.3834,90.2356
76.8222,90.2356
79.261,90.2356
86.5774,90.2356
87.7968,90.2356
89.0162,90.2356
92.6744,90.2356
93.8938,90.2356
96.3326,90.2356
97.552,90.2356
52.4342,89.0162
56.0924,89.0162
57.3118,89.0162
62.1894,89.0162
63.4088,89.0162
64.6282,89.0162
65.8476,89.0162
67.067,89.0162
69.5058,89.0162
71.9446,89.0162
75.6028,89.0162
78.0416,89.0162
80.4804,89.0162
81.6998,89.0162
82.9192,89.0162
84.1386,89.0162
85.358,89.0162
90.2356,89.0162
91.455,89.0162
95.1132,89.0162
52.4342,87.7968
56.0924,87.7968
57.3118,87.7968
62.1894,87.7968
63.4088,87.7968
64.6282,87.7968
65.8476,87.7968
67.067,87.7968
69.5058,87.7968
71.9446,87.7968
75.6028,87.7968
78.0416,87.7968
80.4804,87.7968
81.6998,87.7968
82.9192,87.7968
84.1386,87.7968
85.358,87.7968
90.2356,87.7968
91.455,87.7968
95.1132,87.7968
52.4342,86.5774
56.0924,86.5774
57.3118,86.5774
62.1894,86.5774
63.4088,86.5774
64.6282,86.5774
65.8476,86.5774
67.067,86.5774
69.5058,86.5774
71.9446,86.5774
75.6028,86.5774
78.0416,86.5774
80.4804,86.5774
81.6998,86.5774
82.9192,86.5774
84.1386,86.5774
85.358,86.5774
90.2356,86.5774
91.455,86.5774
95.1132,86.5774
49.9954,85.358
51.2148,85.358
53.6536,85.358
54.873,85.358
58.5312,85.358
59.7506,85.358
60.97,85.358
68.2864,85.358
70.7252,85.358
73.164,85.358
74.3834,85.358
76.8222,85.358
79.261,85.358
86.5774,85.358
87.7968,85.358
89.0162,85.358
92.6744,85.358
93.8938,85.358
96.3326,85.358
97.552,85.358
49.9954,84.1386
51.2148,84.1386
53.6536,84.1386
54.873,84.1386
58.5312,84.1386
59.7506,84.1386
60.97,84.1386
68.2864,84.1386
70.7252,84.1386
73.164,84.1386
74.3834,84.1386
76.8222,84.1386
79.261,84.1386
86.5774,84.1386
87.7968,84.1386
89.0162,84.1386
92.6744,84.1386
93.8938,84.1386
96.3326,84.1386
97.552,84.1386
49.9954,82.9192
51.2148,82.9192
53.6536,82.9192
54.873,82.9192
58.5312,82.9192
59.7506,82.9192
60.97,82.9192
68.2864,82.9192
70.7252,82.9192
73.164,82.9192
74.3834,82.9192
76.8222,82.9192
79.261,82.9192
86.5774,82.9192
87.7968,82.9192
89.0162,82.9192
92.6744,82.9192
93.8938,82.9192
96.3326,82.9192
97.552,82.9192
49.9954,81.6998
51.2148,81.6998
53.6536,81.6998
54.873,81.6998
58.5312,81.6998
59.7506,81.6998
60.97,81.6998
68.2864,81.6998
70.7252,81.6998
73.164,81.6998
74.3834,81.6998
76.8222,81.6998
79.261,81.6998
86.5774,81.6998
87.7968,81.6998
89.0162,81.6998
92.6744,81.6998
93.8938,81.6998
96.3326,81.6998
97.552,81.6998
49.9954,80.4804
51.2148,80.4804
53.6536,80.4804
54.873,80.4804
58.5312,80.4804
59.7506,80.4804
60.97,80.4804
68.2864,80.4804
70.7252,80.4804
73.164,80.4804
74.3834,80.4804
76.8222,80.4804
79.261,80.4804
86.5774,80.4804
87.7968,80.4804
89.0162,80.4804
92.6744,80.4804
93.8938,80.4804
96.3326,80.4804
97.552,80.4804
52.4342,79.261
56.0924,79.261
57.3118,79.261
62.1894,79.261
63.4088,79.261
64.6282,79.261
65.8476,79.261
67.067,79.261
69.5058,79.261
71.9446,79.261
75.6028,79.261
78.0416,79.261
80.4804,79.261
81.6998,79.261
82.9192,79.261
84.1386,79.261
85.358,79.261
90.2356,79.261
91.455,79.261
95.1132,79.261
49.9954,78.0416
51.2148,78.0416
53.6536,78.0416
54.873,78.0416
58.5312,78.0416
59.7506,78.0416
60.97,78.0416
68.2864,78.0416
70.7252,78.0416
73.164,78.0416
74.3834,78.0416
76.8222,78.0416
79.261,78.0416
86.5774,78.0416
87.7968,78.0416
89.0162,78.0416
92.6744,78.0416
93.8938,78.0416
96.3326,78.0416
97.552,78.0416
52.4342,76.8222
56.0924,76.8222
57.3118,76.8222
62.1894,76.8222
63.4088,76.8222
64.6282,76.8222
65.8476,76.8222
67.067,76.8222
69.5058,76.8222
71.9446,76.8222
75.6028,76.8222
78.0416,76.8222
80.4804,76.8222
81.6998,76.8222
82.9192,76.8222
84.1386,76.8222
85.358,76.8222
90.2356,76.8222
91.455,76.8222
95.1132,76.8222
49.9954,75.6028
51.2148,75.6028
53.6536,75.6028
54.873,75.6028
58.5312,75.6028
59.7506,75.6028
60.97,75.6028
68.2864,75.6028
70.7252,75.6028
73.164,75.6028
74.3834,75.6028
76.8222,75.6028
79.261,75.6028
86.5774,75.6028
87.7968,75.6028
89.0162,75.6028
92.6744,75.6028
93.8938,75.6028
96.3326,75.6028
97.552,75.6028
52.4342,74.3834
56.0924,74.3834
57.3118,74.3834
62.1894,74.3834
63.4088,74.3834
64.6282,74.3834
65.8476,74.3834
67.067,74.3834
69.5058,74.3834
71.9446,74.3834
75.6028,74.3834
78.0416,74.3834
80.4804,74.3834
81.6998,74.3834
82.9192,74.3834
84.1386,74.3834
85.358,74.3834
90.2356,74.3834
91.455,74.3834
95.1132,74.3834
52.4342,73.164
56.0924,73.164
57.3118,73.164
62.1894,73.164
63.4088,73.164
64.6282,73.164
65.8476,73.164
67.067,73.164
69.5058,73.164
71.9446,73.164
75.6028,73.164
78.0416,73.164
80.4804,73.164
81.6998,73.164
82.9192,73.164
84.1386,73.164
85.358,73.164
90.2356,73.164
91.455,73.164
95.1132,73.164
49.9954,71.9446
51.2148,71.9446
53.6536,71.9446
54.873,71.9446
58.5312,71.9446
59.7506,71.9446
60.97,71.9446
68.2864,71.9446
70.7252,71.9446
73.164,71.9446
74.3834,71.9446
76.8222,71.9446
79.261,71.9446
86.5774,71.9446
87.7968,71.9446
89.0162,71.9446
92.6744,71.9446
93.8938,71.9446
96.3326,71.9446
97.552,71.9446
52.4342,70.7252
56.0924,70.7252
57.3118,70.7252
62.1894,70.7252
63.4088,70.7252
64.6282,70.7252
65.8476,70.7252
67.067,70.7252
69.5058,70.7252
71.9446,70.7252
75.6028,70.7252
78.0416,70.7252
80.4804,70.7252
81.6998,70.7252
82.9192,70.7252
84.1386,70.7252
85.358,70.7252
90.2356,70.7252
91.455,70.7252
95.1132,70.7252
49.9954,69.5058
51.2148,69.5058
53.6536,69.5058
54.873,69.5058
58.5312,69.5058
59.7506,69.5058
60.97,69.5058
68.2864,69.5058
70.7252,69.5058
73.164,69.5058
74.3834,69.5058
76.8222,69.5058
79.261,69.5058
86.5774,69.5058
87.7968,69.5058
89.0162,69.5058
92.6744,69.5058
93.8938,69.5058
96.3326,69.5058
97.552,69.5058
52.4342,68.2864
56.0924,68.2864
57.3118,68.2864
62.1894,68.2864
63.4088,68.2864
64.6282,68.2864
65.8476,68.2864
67.067,68.2864
69.5058,68.2864
71.9446,68.2864
75.6028,68.2864
78.0416,68.2864
80.4804,68.2864
81.6998,68.2864
82.9192,68.2864
84.1386,68.2864
85.358,68.2864
90.2356,68.2864
91.455,68.2864
95.1132,68.2864
49.9954,67.067
51.2148,67.067
53.6536,67.067
54.873,67.067
58.5312,67.067
59.7506,67.067
60.97,67.067
68.2864,67.067
70.7252,67.067
73.164,67.067
74.3834,67.067
76.8222,67.067
79.261,67.067
86.5774,67.067
87.7968,67.067
89.0162,67.067
92.6744,67.067
93.8938,67.067
96.3326,67.067
97.552,67.067
49.9954,65.8476
51.2148,65.8476
53.6536,65.8476
54.873,65.8476
58.5312,65.8476
59.7506,65.8476
60.97,65.8476
68.2864,65.8476
70.7252,65.8476
73.164,65.8476
74.3834,65.8476
76.8222,65.8476
79.261,65.8476
86.5774,65.8476
87.7968,65.8476
89.0162,65.8476
92.6744,65.8476
93.8938,65.8476
96.3326,65.8476
97.552,65.8476
49.9954,64.6282
51.2148,64.6282
53.6536,64.6282
54.873,64.6282
58.5312,64.6282
59.7506,64.6282
60.97,64.6282
68.2864,64.6282
70.7252,64.6282
73.164,64.6282
74.3834,64.6282
76.8222,64.6282
79.261,64.6282
86.5774,64.6282
87.7968,64.6282
89.0162,64.6282
92.6744,64.6282
93.8938,64.6282
96.3326,64.6282
97.552,64.6282
49.9954,63.4088
51.2148,63.4088
53.6536,63.4088
54.873,63.4088
58.5312,63.4088
59.7506,63.4088
60.97,63.4088
68.2864,63.4088
70.7252,63.4088
73.164,63.4088
74.3834,63.4088
76.8222,63.4088
79.261,63.4088
86.5774,63.4088
87.7968,63.4088
89.0162,63.4088
92.6744,63.4088
93.8938,63.4088
96.3326,63.4088
97.552,63.4088
49.9954,62.1894
51.2148,62.1894
53.6536,62.1894
54.873,62.1894
58.5312,62.1894
59.7506,62.1894
60.97,62.1894
68.2864,62.1894
70.7252,62.1894
73.164,62.1894
74.3834,62.1894
76.8222,62.1894
79.261,62.1894
86.5774,62.1894
87.7968,62.1894
89.0162,62.1894
92.6744,62.1894
93.8938,62.1894
96.3326,62.1894
97.552,62.1894
52.4342,60.97
56.0924,60.97
57.3118,60.97
62.1894,60.97
63.4088,60.97
64.6282,60.97
65.8476,60.97
67.067,60.97
69.5058,60.97
71.9446,60.97
75.6028,60.97
78.0416,60.97
80.4804,60.97
81.6998,60.97
82.9192,60.97
84.1386,60.97
85.358,60.97
90.2356,60.97
91.455,60.97
95.1132,60.97
52.4342,59.7506
56.0924,59.7506
57.3118,59.7506
62.1894,59.7506
63.4088,59.7506
64.6282,59.7506
65.8476,59.7506
67.067,59.7506
69.5058,59.7506
71.9446,59.7506
75.6028,59.7506
78.0416,59.7506
80.4804,59.7506
81.6998,59.7506
82.9192,59.7506
84.1386,59.7506
85.358,59.7506
90.2356,59.7506
91.455,59.7506
95.1132,59.7506
52.4342,58.5312
56.0924,58.5312
57.3118,58.5312
62.1894,58.5312
63.4088,58.5312
64.6282,58.5312
65.8476,58.5312
67.067,58.5312
69.5058,58.5312
71.9446,58.5312
75.6028,58.5312
78.0416,58.5312
80.4804,58.5312
81.6998,58.5312
82.9192,58.5312
84.1386,58.5312
85.358,58.5312
90.2356,58.5312
91.455,58.5312
95.1132,58.5312
49.9954,57.3118
51.2148,57.3118
53.6536,57.3118
54.873,57.3118
58.5312,57.3118
59.7506,57.3118
60.97,57.3118
68.2864,57.3118
70.7252,57.3118
73.164,57.3118
74.3834,57.3118
76.8222,57.3118
79.261,57.3118
86.5774,57.3118
87.7968,57.3118
89.0162,57.3118
92.6744,57.3118
93.8938,57.3118
96.3326,57.3118
97.552,57.3118
49.9954,56.0924
51.2148,56.0924
53.6536,56.0924
54.873,56.0924
58.5312,56.0924
59.7506,56.0924
60.97,56.0924
68.2864,56.0924
70.7252,56.0924
73.164,56.0924
74.3834,56.0924
76.8222,56.0924
79.261,56.0924
86.5774,56.0924
87.7968,56.0924
89.0162,56.0924
92.6744,56.0924
93.8938,56.0924
96.3326,56.0924
97.552,56.0924
52.4342,54.873
56.0924,54.873
57.3118,54.873
62.1894,54.873
63.4088,54.873
64.6282,54.873
65.8476,54.873
67.067,54.873
69.5058,54.873
71.9446,54.873
75.6028,54.873
78.0416,54.873
80.4804,54.873
81.6998,54.873
82.9192,54.873
84.1386,54.873
85.358,54.873
90.2356,54.873
91.455,54.873
95.1132,54.873
52.4342,53.6536
56.0924,53.6536
57.3118,53.6536
62.1894,53.6536
63.4088,53.6536
64.6282,53.6536
65.8476,53.6536
67.067,53.6536
69.5058,53.6536
71.9446,53.6536
75.6028,53.6536
78.0416,53.6536
80.4804,53.6536
81.6998,53.6536
82.9192,53.6536
84.1386,53.6536
85.358,53.6536
90.2356,53.6536
91.455,53.6536
95.1132,53.6536
49.9954,52.4342
51.2148,52.4342
53.6536,52.4342
54.873,52.4342
58.5312,52.4342
59.7506,52.4342
60.97,52.4342
68.2864,52.4342
70.7252,52.4342
73.164,52.4342
74.3834,52.4342
76.8222,52.4342
79.261,52.4342
86.5774,52.4342
87.7968,52.4342
89.0162,52.4342
92.6744,52.4342
93.8938,52.4342
96.3326,52.4342
97.552,52.4342
52.4342,51.2148
56.0924,51.2148
57.3118,51.2148
62.1894,51.2148
63.4088,51.2148
64.6282,51.2148
65.8476,51.2148
67.067,51.2148
69.5058,51.2148
71.9446,51.2148
75.6028,51.2148
78.0416,51.2148
80.4804,51.2148
81.6998,51.2148
82.9192,51.2148
84.1386,51.2148
85.358,51.2148
90.2356,51.2148
91.455,51.2148
95.1132,51.2148
52.4342,49.9954
56.0924,49.9954
57.3118,49.9954
62.1894,49.9954
63.4088,49.9954
64.6282,49.9954
65.8476,49.9954
67.067,49.9954
69.5058,49.9954
71.9446,49.9954
75.6028,49.9954
78.0416,49.9954
80.4804,49.9954
81.6998,49.9954
82.9192,49.9954
84.1386,49.9954
85.358,49.9954
90.2356,49.9954
91.455,49.9954
95.1132,49.9954
0.0,48.776
1.2194,48.776
2.4388,48.776
3.6582,48.776
4.8776,48.776
6.097,48.776
7.3164,48.776
8.5358,48.776
9.7552,48.776
10.9746,48.776
12.194,48.776
13.4134,48.776
14.6328,48.776
15.8522,48.776
17.0716,48.776
18.291,48.776
19.5104,48.776
20.7298,48.776
21.9492,48.776
23.1686,48.776
24.388,48.776
25.6074,48.776
26.8268,48.776
28.0462,48.776
29.2656,48.776
30.485,48.776
31.7044,48.776
32.9238,48.776
34.1432,48.776
35.3626,48.776
36.582,48.776
37.8014,48.776
39.0208,48.776
40.2402,48.776
41.4596,48.776
42.679,48.776
43.8984,48.776
45.1178,48.776
46.3372,48.776
47.5566,48.776
2.4388,47.5566
6.097,47.5566
7.3164,47.5566
12.194,47.5566
13.4134,47.5566
14.6328,47.5566
15.8522,47.5566
17.0716,47.5566
19.5104,47.5566
21.9492,47.5566
25.6074,47.5566
28.0462,47.5566
30.485,47.5566
31.7044,47.5566
32.9238,47.5566
34.1432,47.5566
35.3626,47.5566
40.2402,47.5566
41.4596,47.5566
45.1178,47.5566
2.4388,46.3372
6.097,46.3372
7.3164,46.3372
12.194,46.3372
13.4134,46.3372
14.6328,46.3372
15.8522,46.3372
17.0716,46.3372
19.5104,46.3372
21.9492,46.3372
25.6074,46.3372
28.0462,46.3372
30.485,46.3372
31.7044,46.3372
32.9238,46.3372
34.1432,46.3372
35.3626,46.3372
40.2402,46.3372
41.4596,46.3372
45.1178,46.3372
0.0,45.1178
1.2194,45.1178
3.6582,45.1178
4.8776,45.1178
8.5358,45.1178
9.7552,45.1178
10.9746,45.1178
18.291,45.1178
20.7298,45.1178
23.1686,45.1178
24.388,45.1178
26.8268,45.1178
29.2656,45.1178
36.582,45.1178
37.8014,45.1178
39.0208,45.1178
42.679,45.1178
43.8984,45.1178
46.3372,45.1178
47.5566,45.1178
2.4388,43.8984
6.097,43.8984
7.3164,43.8984
12.194,43.8984
13.4134,43.8984
14.6328,43.8984
15.8522,43.8984
17.0716,43.8984
19.5104,43.8984
21.9492,43.8984
25.6074,43.8984
28.0462,43.8984
30.485,43.8984
31.7044,43.8984
32.9238,43.8984
34.1432,43.8984
35.3626,43.8984
40.2402,43.8984
41.4596,43.8984
45.1178,43.8984
2.4388,42.679
6.097,42.679
7.3164,42.679
12.194,42.679
13.4134,42.679
14.6328,42.679
15.8522,42.679
17.0716,42.679
19.5104,42.679
21.9492,42.679
25.6074,42.679
28.0462,42.679
30.485,42.679
31.7044,42.679
32.9238,42.679
34.1432,42.679
35.3626,42.679
40.2402,42.679
41.4596,42.679
45.1178,42.679
0.0,41.4596
1.2194,41.4596
3.6582,41.4596
4.8776,41.4596
8.5358,41.4596
9.7552,41.4596
10.9746,41.4596
18.291,41.4596
20.7298,41.4596
23.1686,41.4596
24.388,41.4596
26.8268,41.4596
29.2656,41.4596
36.582,41.4596
37.8014,41.4596
39.0208,41.4596
42.679,41.4596
43.8984,41.4596
46.3372,41.4596
47.5566,41.4596
0.0,40.2402
1.2194,40.2402
3.6582,40.2402
4.8776,40.2402
8.5358,40.2402
9.7552,40.2402
10.9746,40.2402
18.291,40.2402
20.7298,40.2402
23.1686,40.2402
24.388,40.2402
26.8268,40.2402
29.2656,40.2402
36.582,40.2402
37.8014,40.2402
39.0208,40.2402
42.679,40.2402
43.8984,40.2402
46.3372,40.2402
47.5566,40.2402
2.4388,39.0208
6.097,39.0208
7.3164,39.0208
12.194,39.0208
13.4134,39.0208
14.6328,39.0208
15.8522,39.0208
17.0716,39.0208
19.5104,39.0208
21.9492,39.0208
25.6074,39.0208
28.0462,39.0208
30.485,39.0208
31.7044,39.0208
32.9238,39.0208
34.1432,39.0208
35.3626,39.0208
40.2402,39.0208
41.4596,39.0208
45.1178,39.0208
2.4388,37.8014
6.097,37.8014
7.3164,37.8014
12.194,37.8014
13.4134,37.8014
14.6328,37.8014
15.8522,37.8014
17.0716,37.8014
19.5104,37.8014
21.9492,37.8014
25.6074,37.8014
28.0462,37.8014
30.485,37.8014
31.7044,37.8014
32.9238,37.8014
34.1432,37.8014
35.3626,37.8014
40.2402,37.8014
41.4596,37.8014
45.1178,37.8014
2.4388,36.582
6.097,36.582
7.3164,36.582
12.194,36.582
13.4134,36.582
14.6328,36.582
15.8522,36.582
17.0716,36.582
19.5104,36.582
21.9492,36.582
25.6074,36.582
28.0462,36.582
30.485,36.582
31.7044,36.582
32.9238,36.582
34.1432,36.582
35.3626,36.582
40.2402,36.582
41.4596,36.582
45.1178,36.582
0.0,35.3626
1.2194,35.3626
3.6582,35.3626
4.8776,35.3626
8.5358,35.3626
9.7552,35.3626
10.9746,35.3626
18.291,35.3626
20.7298,35.3626
23.1686,35.3626
24.388,35.3626
26.8268,35.3626
29.2656,35.3626
36.582,35.3626
37.8014,35.3626
39.0208,35.3626
42.679,35.3626
43.8984,35.3626
46.3372,35.3626
47.5566,35.3626
0.0,34.1432
1.2194,34.1432
3.6582,34.1432
4.8776,34.1432
8.5358,34.1432
9.7552,34.1432
10.9746,34.1432
18.291,34.1432
20.7298,34.1432
23.1686,34.1432
24.388,34.1432
26.8268,34.1432
29.2656,34.1432
36.582,34.1432
37.8014,34.1432
39.0208,34.1432
42.679,34.1432
43.8984,34.1432
46.3372,34.1432
47.5566,34.1432
0.0,32.9238
1.2194,32.9238
3.6582,32.9238
4.8776,32.9238
8.5358,32.9238
9.7552,32.9238
10.9746,32.9238
18.291,32.9238
20.7298,32.9238
23.1686,32.9238
24.388,32.9238
26.8268,32.9238
29.2656,32.9238
36.582,32.9238
37.8014,32.9238
39.0208,32.9238
42.679,32.9238
43.8984,32.9238
46.3372,32.9238
47.5566,32.9238
0.0,31.7044
1.2194,31.7044
3.6582,31.7044
4.8776,31.7044
8.5358,31.7044
9.7552,31.7044
10.9746,31.7044
18.291,31.7044
20.7298,31.7044
23.1686,31.7044
24.388,31.7044
26.8268,31.7044
29.2656,31.7044
36.582,31.7044
37.8014,31.7044
39.0208,31.7044
42.679,31.7044
43.8984,31.7044
46.3372,31.7044
47.5566,31.7044
0.0,30.485
1.2194,30.485
3.6582,30.485
4.8776,30.485
8.5358,30.485
9.7552,30.485
10.9746,30.485
18.291,30.485
20.7298,30.485
23.1686,30.485
24.388,30.485
26.8268,30.485
29.2656,30.485
36.582,30.485
37.8014,30.485
39.0208,30.485
42.679,30.485
43.8984,30.485
46.3372,30.485
47.5566,30.485
2.4388,29.2656
6.097,29.2656
7.3164,29.2656
12.194,29.2656
13.4134,29.2656
14.6328,29.2656
15.8522,29.2656
17.0716,29.2656
19.5104,29.2656
21.9492,29.2656
25.6074,29.2656
28.0462,29.2656
30.485,29.2656
31.7044,29.2656
32.9238,29.2656
34.1432,29.2656
35.3626,29.2656
40.2402,29.2656
41.4596,29.2656
45.1178,29.2656
0.0,28.0462
1.2194,28.0462
3.6582,28.0462
4.8776,28.0462
8.5358,28.0462
9.7552,28.0462
10.9746,28.0462
18.291,28.0462
20.7298,28.0462
23.1686,28.0462
24.388,28.0462
26.8268,28.0462
29.2656,28.0462
36.582,28.0462
37.8014,28.0462
39.0208,28.0462
42.679,28.0462
43.8984,28.0462
46.3372,28.0462
47.5566,28.0462
2.4388,26.8268
6.097,26.8268
7.3164,26.8268
12.194,26.8268
13.4134,26.8268
14.6328,26.8268
15.8522,26.8268
17.0716,26.8268
19.5104,26.8268
21.9492,26.8268
25.6074,26.8268
28.0462,26.8268
30.485,26.8268
31.7044,26.8268
32.9238,26.8268
34.1432,26.8268
35.3626,26.8268
40.2402,26.8268
41.4596,26.8268
45.1178,26.8268
0.0,25.6074
1.2194,25.6074
3.6582,25.6074
4.8776,25.6074
8.5358,25.6074
9.7552,25.6074
10.9746,25.6074
18.291,25.6074
20.7298,25.6074
23.1686,25.6074
24.388,25.6074
26.8268,25.6074
29.2656,25.6074
36.582,25.6074
37.8014,25.6074
39.0208,25.6074
42.679,25.6074
43.8984,25.6074
46.3372,25.6074
47.5566,25.6074
2.4388,24.388
6.097,24.388
7.3164,24.388
12.194,24.388
13.4134,24.388
14.6328,24.388
15.8522,24.388
17.0716,24.388
19.5104,24.388
21.9492,24.388
25.6074,24.388
28.0462,24.388
30.485,24.388
31.7044,24.388
32.9238,24.388
34.1432,24.388
35.3626,24.388
40.2402,24.388
41.4596,24.388
45.1178,24.388
2.4388,23.1686
6.097,23.1686
7.3164,23.1686
12.194,23.1686
13.4134,23.1686
14.6328,23.1686
15.8522,23.1686
17.0716,23.1686
19.5104,23.1686
21.9492,23.1686
25.6074,23.1686
28.0462,23.1686
30.485,23.1686
31.7044,23.1686
32.9238,23.1686
34.1432,23.1686
35.3626,23.1686
40.2402,23.1686
41.4596,23.1686
45.1178,23.1686
0.0,21.9492
1.2194,21.9492
3.6582,21.9492
4.8776,21.9492
8.5358,21.9492
9.7552,21.9492
10.9746,21.9492
18.291,21.9492
20.7298,21.9492
23.1686,21.9492
24.388,21.9492
26.8268,21.9492
29.2656,21.9492
36.582,21.9492
37.8014,21.9492
39.0208,21.9492
42.679,21.9492
43.8984,21.9492
46.3372,21.9492
47.5566,21.9492
2.4388,20.7298
6.097,20.7298
7.3164,20.7298
12.194,20.7298
13.4134,20.7298
14.6328,20.7298
15.8522,20.7298
17.0716,20.7298
19.5104,20.7298
21.9492,20.7298
25.6074,20.7298
28.0462,20.7298
30.485,20.7298
31.7044,20.7298
32.9238,20.7298
34.1432,20.7298
35.3626,20.7298
40.2402,20.7298
41.4596,20.7298
45.1178,20.7298
0.0,19.5104
1.2194,19.5104
3.6582,19.5104
4.8776,19.5104
8.5358,19.5104
9.7552,19.5104
10.9746,19.5104
18.291,19.5104
20.7298,19.5104
23.1686,19.5104
24.388,19.5104
26.8268,19.5104
29.2656,19.5104
36.582,19.5104
37.8014,19.5104
39.0208,19.5104
42.679,19.5104
43.8984,19.5104
46.3372,19.5104
47.5566,19.5104
2.4388,18.291
6.097,18.291
7.3164,18.291
12.194,18.291
13.4134,18.291
14.6328,18.291
15.8522,18.291
17.0716,18.291
19.5104,18.291
21.9492,18.291
25.6074,18.291
28.0462,18.291
30.485,18.291
31.7044,18.291
32.9238,18.291
34.1432,18.291
35.3626,18.291
40.2402,18.291
41.4596,18.291
45.1178,18.291
0.0,17.0716
1.2194,17.0716
3.6582,17.0716
4.8776,17.0716
8.5358,17.0716
9.7552,17.0716
10.9746,17.0716
18.291,17.0716
20.7298,17.0716
23.1686,17.0716
24.388,17.0716
26.8268,17.0716
29.2656,17.0716
36.582,17.0716
37.8014,17.0716
39.0208,17.0716
42.679,17.0716
43.8984,17.0716
46.3372,17.0716
47.5566,17.0716
0.0,15.8522
1.2194,15.8522
3.6582,15.8522
4.8776,15.8522
8.5358,15.8522
9.7552,15.8522
10.9746,15.8522
18.291,15.8522
20.7298,15.8522
23.1686,15.8522
24.388,15.8522
26.8268,15.8522
29.2656,15.8522
36.582,15.8522
37.8014,15.8522
39.0208,15.8522
42.679,15.8522
43.8984,15.8522
46.3372,15.8522
47.5566,15.8522
0.0,14.6328
1.2194,14.6328
3.6582,14.6328
4.8776,14.6328
8.5358,14.6328
9.7552,14.6328
10.9746,14.6328
18.291,14.6328
20.7298,14.6328
23.1686,14.6328
24.388,14.6328
26.8268,14.6328
29.2656,14.6328
36.582,14.6328
37.8014,14.6328
39.0208,14.6328
42.679,14.6328
43.8984,14.6328
46.3372,14.6328
47.5566,14.6328
0.0,13.4134
1.2194,13.4134
3.6582,13.4134
4.8776,13.4134
8.5358,13.4134
9.7552,13.4134
10.9746,13.4134
18.291,13.4134
20.7298,13.4134
23.1686,13.4134
24.388,13.4134
26.8268,13.4134
29.2656,13.4134
36.582,13.4134
37.8014,13.4134
39.0208,13.4134
42.679,13.4134
43.8984,13.4134
46.3372,13.4134
47.5566,13.4134
0.0,12.194
1.2194,12.194
3.6582,12.194
4.8776,12.194
8.5358,12.194
9.7552,12.194
10.9746,12.194
18.291,12.194
20.7298,12.194
23.1686,12.194
24.388,12.194
26.8268,12.194
29.2656,12.194
36.582,12.194
37.8014,12.194
39.0208,12.194
42.679,12.194
43.8984,12.194
46.3372,12.194
47.5566,12.194
2.4388,10.9746
6.097,10.9746
7.3164,10.9746
12.194,10.9746
13.4134,10.9746
14.6328,10.9746
15.8522,10.9746
17.0716,10.9746
19.5104,10.9746
21.9492,10.9746
25.6074,10.9746
28.0462,10.9746
30.485,10.9746
31.7044,10.9746
32.9238,10.9746
34.1432,10.9746
35.3626,10.9746
40.2402,10.9746
41.4596,10.9746
45.1178,10.9746
2.4388,9.7552
6.097,9.7552
7.3164,9.7552
12.194,9.7552
13.4134,9.7552
14.6328,9.7552
15.8522,9.7552
17.0716,9.7552
19.5104,9.7552
21.9492,9.7552
25.6074,9.7552
28.0462,9.7552
30.485,9.7552
31.7044,9.7552
32.9238,9.7552
34.1432,9.7552
35.3626,9.7552
40.2402,9.7552
41.4596,9.7552
45.1178,9.7552
2.4388,8.5358
6.097,8.5358
7.3164,8.5358
12.194,8.5358
13.4134,8.5358
14.6328,8.5358
15.8522,8.5358
17.0716,8.5358
19.5104,8.5358
21.9492,8.5358
25.6074,8.5358
28.0462,8.5358
30.485,8.5358
31.7044,8.5358
32.9238,8.5358
34.1432,8.5358
35.3626,8.5358
40.2402,8.5358
41.4596,8.5358
45.1178,8.5358
0.0,7.3164
1.2194,7.3164
3.6582,7.3164
4.8776,7.3164
8.5358,7.3164
9.7552,7.3164
10.9746,7.3164
18.291,7.3164
20.7298,7.3164
23.1686,7.3164
24.388,7.3164
26.8268,7.3164
29.2656,7.3164
36.582,7.3164
37.8014,7.3164
39.0208,7.3164
42.679,7.3164
43.8984,7.3164
46.3372,7.3164
47.5566,7.3164
0.0,6.097
1.2194,6.097
3.6582,6.097
4.8776,6.097
8.5358,6.097
9.7552,6.097
10.9746,6.097
18.291,6.097
20.7298,6.097
23.1686,6.097
24.388,6.097
26.8268,6.097
29.2656,6.097
36.582,6.097
37.8014,6.097
39.0208,6.097
42.679,6.097
43.8984,6.097
46.3372,6.097
47.5566,6.097
2.4388,4.8776
6.097,4.8776
7.3164,4.8776
12.194,4.8776
13.4134,4.8776
14.6328,4.8776
15.8522,4.8776
17.0716,4.8776
19.5104,4.8776
21.9492,4.8776
25.6074,4.8776
28.0462,4.8776
30.485,4.8776
31.7044,4.8776
32.9238,4.8776
34.1432,4.8776
35.3626,4.8776
40.2402,4.8776
41.4596,4.8776
45.1178,4.8776
2.4388,3.6582
6.097,3.6582
7.3164,3.6582
12.194,3.6582
13.4134,3.6582
14.6328,3.6582
15.8522,3.6582
17.0716,3.6582
19.5104,3.6582
21.9492,3.6582
25.6074,3.6582
28.0462,3.6582
30.485,3.6582
31.7044,3.6582
32.9238,3.6582
34.1432,3.6582
35.3626,3.6582
40.2402,3.6582
41.4596,3.6582
45.1178,3.6582
0.0,2.4388
1.2194,2.4388
3.6582,2.4388
4.8776,2.4388
8.5358,2.4388
9.7552,2.4388
10.9746,2.4388
18.291,2.4388
20.7298,2.4388
23.1686,2.4388
24.388,2.4388
26.8268,2.4388
29.2656,2.4388
36.582,2.4388
37.8014,2.4388
39.0208,2.4388
42.679,2.4388
43.8984,2.4388
46.3372,2.4388
47.5566,2.4388
2.4388,1.2194
6.097,1.2194
7.3164,1.2194
12.194,1.2194
13.4134,1.2194
14.6328,1.2194
15.8522,1.2194
17.0716,1.2194
19.5104,1.2194
21.9492,1.2194
25.6074,1.2194
28.0462,1.2194
30.485,1.2194
31.7044,1.2194
32.9238,1.2194
34.1432,1.2194
35.3626,1.2194
40.2402,1.2194
41.4596,1.2194
45.1178,1.2194
2.4388,0.0
6.097,0.0
7.3164,0.0
12.194,0.0
13.4134,0.0
14.6328,0.0
15.8522,0.0
17.0716,0.0
19.5104,0.0
21.9492,0.0
25.6074,0.0
28.0462,0.0
30.485,0.0
31.7044,0.0
32.9238,0.0
34.1432,0.0
35.3626,0.0
40.2402,0.0
41.4596,0.0
45.1178,0.0
0.0,98.7714
1.2194,98.7714
2.4388,98.7714
3.6582,98.7714
4.8776,98.7714
6.097,98.7714
7.3164,98.7714
8.5358,98.7714
9.7552,98.7714
10.9746,98.7714
12.194,98.7714
13.4134,98.7714
14.6328,98.7714
15.8522,98.7714
17.0716,98.7714
18.291,98.7714
19.5104,98.7714
20.7298,98.7714
21.9492,98.7714
23.1686,98.7714
24.388,98.7714
25.6074,98.7714
26.8268,98.7714
28.0462,98.7714
29.2656,98.7714
30.485,98.7714
31.7044,98.7714
32.9238,98.7714
34.1432,98.7714
35.3626,98.7714
36.582,98.7714
37.8014,98.7714
39.0208,98.7714
40.2402,98.7714
41.4596,98.7714
42.679,98.7714
43.8984,98.7714
45.1178,98.7714
46.3372,98.7714
47.5566,98.7714
2.4388,97.552
6.097,97.552
7.3164,97.552
12.194,97.552
13.4134,97.552
14.6328,97.552
15.8522,97.552
17.0716,97.552
19.5104,97.552
21.9492,97.552
25.6074,97.552
28.0462,97.552
30.485,97.552
31.7044,97.552
32.9238,97.552
34.1432,97.552
35.3626,97.552
40.2402,97.552
41.4596,97.552
45.1178,97.552
2.4388,96.3326
6.097,96.3326
7.3164,96.3326
12.194,96.3326
13.4134,96.3326
14.6328,96.3326
15.8522,96.3326
17.0716,96.3326
19.5104,96.3326
21.9492,96.3326
25.6074,96.3326
28.0462,96.3326
30.485,96.3326
31.7044,96.3326
32.9238,96.3326
34.1432,96.3326
35.3626,96.3326
40.2402,96.3326
41.4596,96.3326
45.1178,96.3326
0.0,95.1132
1.2194,95.1132
3.6582,95.1132
4.8776,95.1132
8.5358,95.1132
9.7552,95.1132
10.9746,95.1132
18.291,95.1132
20.7298,95.1132
23.1686,95.1132
24.388,95.1132
26.8268,95.1132
29.2656,95.1132
36.582,95.1132
37.8014,95.1132
39.0208,95.1132
42.679,95.1132
43.8984,95.1132
46.3372,95.1132
47.5566,95.1132
2.4388,93.8938
6.097,93.8938
7.3164,93.8938
12.194,93.8938
13.4134,93.8938
14.6328,93.8938
15.8522,93.8938
17.0716,93.8938
19.5104,93.8938
21.9492,93.8938
25.6074,93.8938
28.0462,93.8938
30.485,93.8938
31.7044,93.8938
32.9238,93.8938
34.1432,93.8938
35.3626,93.8938
40.2402,93.8938
41.4596,93.8938
45.1178,93.8938
2.4388,92.6744
6.097,92.6744
7.3164,92.6744
12.194,92.6744
13.4134,92.6744
14.6328,92.6744
15.8522,92.6744
17.0716,92.6744
19.5104,92.6744
21.9492,92.6744
25.6074,92.6744
28.0462,92.6744
30.485,92.6744
31.7044,92.6744
32.9238,92.6744
34.1432,92.6744
35.3626,92.6744
40.2402,92.6744
41.4596,92.6744
45.1178,92.6744
0.0,91.455
1.2194,91.455
3.6582,91.455
4.8776,91.455
8.5358,91.455
9.7552,91.455
10.9746,91.455
18.291,91.455
20.7298,91.455
23.1686,91.455
24.388,91.455
26.8268,91.455
29.2656,91.455
36.582,91.455
37.8014,91.455
39.0208,91.455
42.679,91.455
43.8984,91.455
46.3372,91.455
47.5566,91.455
0.0,90.2356
1.2194,90.2356
3.6582,90.2356
4.8776,90.2356
8.5358,90.2356
9.7552,90.2356
10.9746,90.2356
18.291,90.2356
20.7298,90.2356
23.1686,90.2356
24.388,90.2356
26.8268,90.2356
29.2656,90.2356
36.582,90.2356
37.8014,90.2356
39.0208,90.2356
42.679,90.2356
43.8984,90.2356
46.3372,90.2356
47.5566,90.2356
2.4388,89.0162
6.097,89.0162
7.3164,89.0162
12.194,89.0162
13.4134,89.0162
14.6328,89.0162
15.8522,89.0162
17.0716,89.0162
19.5104,89.0162
21.9492,89.0162
25.6074,89.0162
28.0462,89.0162
30.485,89.0162
31.7044,89.0162
32.9238,89.0162
34.1432,89.0162
35.3626,89.0162
40.2402,89.0162
41.4596,89.0162
45.1178,89.0162
2.4388,87.7968
6.097,87.7968
7.3164,87.7968
12.194,87.7968
13.4134,87.7968
14.6328,87.7968
15.8522,87.7968
17.0716,87.7968
19.5104,87.7968
21.9492,87.7968
25.6074,87.7968
28.0462,87.7968
30.485,87.7968
31.7044,87.7968
32.9238,87.7968
34.1432,87.7968
35.3626,87.7968
40.2402,87.7968
41.4596,87.7968
45.1178,87.7968
2.4388,86.5774
6.097,86.5774
7.3164,86.5774
12.194,86.5774
13.4134,86.5774
14.6328,86.5774
15.8522,86.5774
17.0716,86.5774
19.5104,86.5774
21.9492,86.5774
25.6074,86.5774
28.0462,86.5774
30.485,86.5774
31.7044,86.5774
32.9238,86.5774
34.1432,86.5774
35.3626,86.5774
40.2402,86.5774
41.4596,86.5774
45.1178,86.5774
0.0,85.358
1.2194,85.358
3.6582,85.358
4.8776,85.358
8.5358,85.358
9.7552,85.358
10.9746,85.358
18.291,85.358
20.7298,85.358
23.1686,85.358
24.388,85.358
26.8268,85.358
29.2656,85.358
36.582,85.358
37.8014,85.358
39.0208,85.358
42.679,85.358
43.8984,85.358
46.3372,85.358
47.5566,85.358
0.0,84.1386
1.2194,84.1386
3.6582,84.1386
4.8776,84.1386
8.5358,84.1386
9.7552,84.1386
10.9746,84.1386
18.291,84.1386
20.7298,84.1386
23.1686,84.1386
24.388,84.1386
26.8268,84.1386
29.2656,84.1386
36.582,84.1386
37.8014,84.1386
39.0208,84.1386
42.679,84.1386
43.8984,84.1386
46.3372,84.1386
47.5566,84.1386
0.0,82.9192
1.2194,82.9192
3.6582,82.9192
4.8776,82.9192
8.5358,82.9192
9.7552,82.9192
10.9746,82.9192
18.291,82.9192
20.7298,82.9192
23.1686,82.9192
24.388,82.9192
26.8268,82.9192
29.2656,82.9192
36.582,82.9192
37.8014,82.9192
39.0208,82.9192
42.679,82.9192
43.8984,82.9192
46.3372,82.9192
47.5566,82.9192
0.0,81.6998
1.2194,81.6998
3.6582,81.6998
4.8776,81.6998
8.5358,81.6998
9.7552,81.6998
10.9746,81.6998
18.291,81.6998
20.7298,81.6998
23.1686,81.6998
24.388,81.6998
26.8268,81.6998
29.2656,81.6998
36.582,81.6998
37.8014,81.6998
39.0208,81.6998
42.679,81.6998
43.8984,81.6998
46.3372,81.6998
47.5566,81.6998
0.0,80.4804
1.2194,80.4804
3.6582,80.4804
4.8776,80.4804
8.5358,80.4804
9.7552,80.4804
10.9746,80.4804
18.291,80.4804
20.7298,80.4804
23.1686,80.4804
24.388,80.4804
26.8268,80.4804
29.2656,80.4804
36.582,80.4804
37.8014,80.4804
39.0208,80.4804
42.679,80.4804
43.8984,80.4804
46.3372,80.4804
47.5566,80.4804
2.4388,79.261
6.097,79.261
7.3164,79.261
12.194,79.261
13.4134,79.261
14.6328,79.261
15.8522,79.261
17.0716,79.261
19.5104,79.261
21.9492,79.261
25.6074,79.261
28.0462,79.261
30.485,79.261
31.7044,79.261
32.9238,79.261
34.1432,79.261
35.3626,79.261
40.2402,79.261
41.4596,79.261
45.1178,79.261
0.0,78.0416
1.2194,78.0416
3.6582,78.0416
4.8776,78.0416
8.5358,78.0416
9.7552,78.0416
10.9746,78.0416
18.291,78.0416
20.7298,78.0416
23.1686,78.0416
24.388,78.0416
26.8268,78.0416
29.2656,78.0416
36.582,78.0416
37.8014,78.0416
39.0208,78.0416
42.679,78.0416
43.8984,78.0416
46.3372,78.0416
47.5566,78.0416
2.4388,76.8222
6.097,76.8222
7.3164,76.8222
12.194,76.8222
13.4134,76.8222
14.6328,76.8222
15.8522,76.8222
17.0716,76.8222
19.5104,76.8222
21.9492,76.8222
25.6074,76.8222
28.0462,76.8222
30.485,76.8222
31.7044,76.8222
32.9238,76.8222
34.1432,76.8222
35.3626,76.8222
40.2402,76.8222
41.4596,76.8222
45.1178,76.8222
0.0,75.6028
1.2194,75.6028
3.6582,75.6028
4.8776,75.6028
8.5358,75.6028
9.7552,75.6028
10.9746,75.6028
18.291,75.6028
20.7298,75.6028
23.1686,75.6028
24.388,75.6028
26.8268,75.6028
29.2656,75.6028
36.582,75.6028
37.8014,75.6028
39.0208,75.6028
42.679,75.6028
43.8984,75.6028
46.3372,75.6028
47.5566,75.6028
2.4388,74.3834
6.097,74.3834
7.3164,74.3834
12.194,74.3834
13.4134,74.3834
14.6328,74.3834
15.8522,74.3834
17.0716,74.3834
19.5104,74.3834
21.9492,74.3834
25.6074,74.3834
28.0462,74.3834
30.485,74.3834
31.7044,74.3834
32.9238,74.3834
34.1432,74.3834
35.3626,74.3834
40.2402,74.3834
41.4596,74.3834
45.1178,74.3834
2.4388,73.164
6.097,73.164
7.3164,73.164
12.194,73.164
13.4134,73.164
14.6328,73.164
15.8522,73.164
17.0716,73.164
19.5104,73.164
21.9492,73.164
25.6074,73.164
28.0462,73.164
30.485,73.164
31.7044,73.164
32.9238,73.164
34.1432,73.164
35.3626,73.164
40.2402,73.164
41.4596,73.164
45.1178,73.164
0.0,71.9446
1.2194,71.9446
3.6582,71.9446
4.8776,71.9446
8.5358,71.9446
9.7552,71.9446
10.9746,71.9446
18.291,71.9446
20.7298,71.9446
23.1686,71.9446
24.388,71.9446
26.8268,71.9446
29.2656,71.9446
36.582,71.9446
37.8014,71.9446
39.0208,71.9446
42.679,71.9446
43.8984,71.9446
46.3372,71.9446
47.5566,71.9446
2.4388,70.7252
6.097,70.7252
7.3164,70.7252
12.194,70.7252
13.4134,70.7252
14.6328,70.7252
15.8522,70.7252
17.0716,70.7252
19.5104,70.7252
21.9492,70.7252
25.6074,70.7252
28.0462,70.7252
30.485,70.7252
31.7044,70.7252
32.9238,70.7252
34.1432,70.7252
35.3626,70.7252
40.2402,70.7252
41.4596,70.7252
45.1178,70.7252
0.0,69.5058
1.2194,69.5058
3.6582,69.5058
4.8776,69.5058
8.5358,69.5058
9.7552,69.5058
10.9746,69.5058
18.291,69.5058
20.7298,69.5058
23.1686,69.5058
24.388,69.5058
26.8268,69.5058
29.2656,69.5058
36.582,69.5058
37.8014,69.5058
39.0208,69.5058
42.679,69.5058
43.8984,69.5058
46.3372,69.5058
47.5566,69.5058
2.4388,68.2864
6.097,68.2864
7.3164,68.2864
12.194,68.2864
13.4134,68.2864
14.6328,68.2864
15.8522,68.2864
17.0716,68.2864
19.5104,68.2864
21.9492,68.2864
25.6074,68.2864
28.0462,68.2864
30.485,68.2864
31.7044,68.2864
32.9238,68.2864
34.1432,68.2864
35.3626,68.2864
40.2402,68.2864
41.4596,68.2864
45.1178,68.2864
0.0,67.067
1.2194,67.067
3.6582,67.067
4.8776,67.067
8.5358,67.067
9.7552,67.067
10.9746,67.067
18.291,67.067
20.7298,67.067
23.1686,67.067
24.388,67.067
26.8268,67.067
29.2656,67.067
36.582,67.067
37.8014,67.067
39.0208,67.067
42.679,67.067
43.8984,67.067
46.3372,67.067
47.5566,67.067
0.0,65.8476
1.2194,65.8476
3.6582,65.8476
4.8776,65.8476
8.5358,65.8476
9.7552,65.8476
10.9746,65.8476
18.291,65.8476
20.7298,65.8476
23.1686,65.8476
24.388,65.8476
26.8268,65.8476
29.2656,65.8476
36.582,65.8476
37.8014,65.8476
39.0208,65.8476
42.679,65.8476
43.8984,65.8476
46.3372,65.8476
47.5566,65.8476
0.0,64.6282
1.2194,64.6282
3.6582,64.6282
4.8776,64.6282
8.5358,64.6282
9.7552,64.6282
10.9746,64.6282
18.291,64.6282
20.7298,64.6282
23.1686,64.6282
24.388,64.6282
26.8268,64.6282
29.2656,64.6282
36.582,64.6282
37.8014,64.6282
39.0208,64.6282
42.679,64.6282
43.8984,64.6282
46.3372,64.6282
47.5566,64.6282
0.0,63.4088
1.2194,63.4088
3.6582,63.4088
4.8776,63.4088
8.5358,63.4088
9.7552,63.4088
10.9746,63.4088
18.291,63.4088
20.7298,63.4088
23.1686,63.4088
24.388,63.4088
26.8268,63.4088
29.2656,63.4088
36.582,63.4088
37.8014,63.4088
39.0208,63.4088
42.679,63.4088
43.8984,63.4088
46.3372,63.4088
47.5566,63.4088
0.0,62.1894
1.2194,62.1894
3.6582,62.1894
4.8776,62.1894
8.5358,62.1894
9.7552,62.1894
10.9746,62.1894
18.291,62.1894
20.7298,62.1894
23.1686,62.1894
24.388,62.1894
26.8268,62.1894
29.2656,62.1894
36.582,62.1894
37.8014,62.1894
39.0208,62.1894
42.679,62.1894
43.8984,62.1894
46.3372,62.1894
47.5566,62.1894
2.4388,60.97
6.097,60.97
7.3164,60.97
12.194,60.97
13.4134,60.97
14.6328,60.97
15.8522,60.97
17.0716,60.97
19.5104,60.97
21.9492,60.97
25.6074,60.97
28.0462,60.97
30.485,60.97
31.7044,60.97
32.9238,60.97
34.1432,60.97
35.3626,60.97
40.2402,60.97
41.4596,60.97
45.1178,60.97
2.4388,59.7506
6.097,59.7506
7.3164,59.7506
12.194,59.7506
13.4134,59.7506
14.6328,59.7506
15.8522,59.7506
17.0716,59.7506
19.5104,59.7506
21.9492,59.7506
25.6074,59.7506
28.0462,59.7506
30.485,59.7506
31.7044,59.7506
32.9238,59.7506
34.1432,59.7506
35.3626,59.7506
40.2402,59.7506
41.4596,59.7506
45.1178,59.7506
2.4388,58.5312
6.097,58.5312
7.3164,58.5312
12.194,58.5312
13.4134,58.5312
14.6328,58.5312
15.8522,58.5312
17.0716,58.5312
19.5104,58.5312
21.9492,58.5312
25.6074,58.5312
28.0462,58.5312
30.485,58.5312
31.7044,58.5312
32.9238,58.5312
34.1432,58.5312
35.3626,58.5312
40.2402,58.5312
41.4596,58.5312
45.1178,58.5312
0.0,57.3118
1.2194,57.3118
3.6582,57.3118
4.8776,57.3118
8.5358,57.3118
9.7552,57.3118
10.9746,57.3118
18.291,57.3118
20.7298,57.3118
23.1686,57.3118
24.388,57.3118
26.8268,57.3118
29.2656,57.3118
36.582,57.3118
37.8014,57.3118
39.0208,57.3118
42.679,57.3118
43.8984,57.3118
46.3372,57.3118
47.5566,57.3118
0.0,56.0924
1.2194,56.0924
3.6582,56.0924
4.8776,56.0924
8.5358,56.0924
9.7552,56.0924
10.9746,56.0924
18.291,56.0924
20.7298,56.0924
23.1686,56.0924
24.388,56.0924
26.8268,56.0924
29.2656,56.0924
36.582,56.0924
37.8014,56.0924
39.0208,56.0924
42.679,56.0924
43.8984,56.0924
46.3372,56.0924
47.5566,56.0924
2.4388,54.873
6.097,54.873
7.3164,54.873
12.194,54.873
13.4134,54.873
14.6328,54.873
15.8522,54.873
17.0716,54.873
19.5104,54.873
21.9492,54.873
25.6074,54.873
28.0462,54.873
30.485,54.873
31.7044,54.873
32.9238,54.873
34.1432,54.873
35.3626,54.873
40.2402,54.873
41.4596,54.873
45.1178,54.873
2.4388,53.6536
6.097,53.6536
7.3164,53.6536
12.194,53.6536
13.4134,53.6536
14.6328,53.6536
15.8522,53.6536
17.0716,53.6536
19.5104,53.6536
21.9492,53.6536
25.6074,53.6536
28.0462,53.6536
30.485,53.6536
31.7044,53.6536
32.9238,53.6536
34.1432,53.6536
35.3626,53.6536
40.2402,53.6536
41.4596,53.6536
45.1178,53.6536
0.0,52.4342
1.2194,52.4342
3.6582,52.4342
4.8776,52.4342
8.5358,52.4342
9.7552,52.4342
10.9746,52.4342
18.291,52.4342
20.7298,52.4342
23.1686,52.4342
24.388,52.4342
26.8268,52.4342
29.2656,52.4342
36.582,52.4342
37.8014,52.4342
39.0208,52.4342
42.679,52.4342
43.8984,52.4342
46.3372,52.4342
47.5566,52.4342
2.4388,51.2148
6.097,51.2148
7.3164,51.2148
12.194,51.2148
13.4134,51.2148
14.6328,51.2148
15.8522,51.2148
17.0716,51.2148
19.5104,51.2148
21.9492,51.2148
25.6074,51.2148
28.0462,51.2148
30.485,51.2148
31.7044,51.2148
32.9238,51.2148
34.1432,51.2148
35.3626,51.2148
40.2402,51.2148
41.4596,51.2148
45.1178,51.2148
2.4388,49.9954
6.097,49.9954
7.3164,49.9954
12.194,49.9954
13.4134,49.9954
14.6328,49.9954
15.8522,49.9954
17.0716,49.9954
19.5104,49.9954
21.9492,49.9954
25.6074,49.9954
28.0462,49.9954
30.485,49.9954
31.7044,49.9954
32.9238,49.9954
34.1432,49.9954
35.3626,49.9954
40.2402,49.9954
41.4596,49.9954
45.1178,49.9954
