48.72,48.72
49.56,48.72
50.4,48.72
51.24,48.72
52.08,48.72
52.92,48.72
53.76,48.72
54.6,48.72
55.44,48.72
56.28,48.72
57.12,48.72
57.96,48.72
58.8,48.72
59.64,48.72
60.48,48.72
61.32,48.72
62.16,48.72
63.0,48.72
63.84,48.72
64.68,48.72
65.52,48.72
66.36,48.72
67.2,48.72
68.04,48.72
68.88,48.72
69.72,48.72
70.56,48.72
71.4,48.72
72.24,48.72
73.08,48.72
73.92,48.72
74.76,48.72
75.6,48.72
76.44,48.72
77.28,48.72
78.12,48.72
78.96,48.72
79.8,48.72
80.64,48.72
81.48,48.72
82.32,48.72
83.16,48.72
84.0,48.72
84.84,48.72
85.68,48.72
86.52,48.72
87.36,48.72
88.2,48.72
89.04,48.72
89.88,48.72
90.72,48.72
91.56,48.72
92.4,48.72
93.24,48.72
94.08,48.72
94.92,48.72
95.76,48.72
96.6,48.72
97.44,48.72
50.4,47.88
53.76,47.88
55.44,47.88
57.12,47.88
57.96,47.88
59.64,47.88
60.48,47.88
63.84,47.88
68.04,47.88
68.88,47.88
73.92,47.88
74.76,47.88
75.6,47.88
76.44,47.88
77.28,47.88
79.8,47.88
80.64,47.88
81.48,47.88
82.32,47.88
84.0,47.88
84.84,47.88
85.68,47.88
88.2,47.88
90.72,47.88
92.4,47.88
94.08,47.88
94.92,47.88
95.76,47.88
97.44,47.88
49.56,47.04
51.24,47.04
52.08,47.04
52.92,47.04
54.6,47.04
56.28,47.04
58.8,47.04
61.32,47.04
62.16,47.04
63.0,47.04
64.68,47.04
65.52,47.04
66.36,47.04
67.2,47.04
69.72,47.04
70.56,47.04
71.4,47.04
72.24,47.04
73.08,47.04
78.12,47.04
78.96,47.04
83.16,47.04
86.52,47.04
87.36,47.04
89.04,47.04
89.88,47.04
91.56,47.04
93.24,47.04
96.6,47.04
50.4,46.2
53.76,46.2
55.44,46.2
57.12,46.2
57.96,46.2
59.64,46.2
60.48,46.2
63.84,46.2
68.04,46.2
68.88,46.2
73.92,46.2
74.76,46.2
75.6,46.2
76.44,46.2
77.28,46.2
79.8,46.2
80.64,46.2
81.48,46.2
82.32,46.2
84.0,46.2
84.84,46.2
85.68,46.2
88.2,46.2
90.72,46.2
92.4,46.2
94.08,46.2
94.92,46.2
95.76,46.2
97.44,46.2
50.4,45.36
53.76,45.36
55.44,45.36
57.12,45.36
57.96,45.36
59.64,45.36
60.48,45.36
63.84,45.36
68.04,45.36
68.88,45.36
73.92,45.36
74.76,45.36
75.6,45.36
76.44,45.36
77.28,45.36
79.8,45.36
80.64,45.36
81.48,45.36
82.32,45.36
84.0,45.36
84.84,45.36
85.68,45.36
88.2,45.36
90.72,45.36
92.4,45.36
94.08,45.36
94.92,45.36
95.76,45.36
97.44,45.36
50.4,44.52
53.76,44.52
55.44,44.52
57.12,44.52
57.96,44.52
59.64,44.52
60.48,44.52
63.84,44.52
68.04,44.52
68.88,44.52
73.92,44.52
74.76,44.52
75.6,44.52
76.44,44.52
77.28,44.52
79.8,44.52
80.64,44.52
81.48,44.52
82.32,44.52
84.0,44.52
84.84,44.52
85.68,44.52
88.2,44.52
90.72,44.52
92.4,44.52
94.08,44.52
94.92,44.52
95.76,44.52
97.44,44.52
49.56,43.68
51.24,43.68
52.08,43.68
52.92,43.68
54.6,43.68
56.28,43.68
58.8,43.68
61.32,43.68
62.16,43.68
63.0,43.68
64.68,43.68
65.52,43.68
66.36,43.68
67.2,43.68
69.72,43.68
70.56,43.68
71.4,43.68
72.24,43.68
73.08,43.68
78.12,43.68
78.96,43.68
83.16,43.68
86.52,43.68
87.36,43.68
89.04,43.68
89.88,43.68
91.56,43.68
93.24,43.68
96.6,43.68
50.4,42.84
53.76,42.84
55.44,42.84
57.12,42.84
57.96,42.84
59.64,42.84
60.48,42.84
63.84,42.84
68.04,42.84
68.88,42.84
73.92,42.84
74.76,42.84
75.6,42.84
76.44,42.84
77.28,42.84
79.8,42.84
80.64,42.84
81.48,42.84
82.32,42.84
84.0,42.84
84.84,42.84
85.68,42.84
88.2,42.84
90.72,42.84
92.4,42.84
94.08,42.84
94.92,42.84
95.76,42.84
97.44,42.84
49.56,42.0
51.24,42.0
52.08,42.0
52.92,42.0
54.6,42.0
56.28,42.0
58.8,42.0
61.32,42.0
62.16,42.0
63.0,42.0
64.68,42.0
65.52,42.0
66.36,42.0
67.2,42.0
69.72,42.0
70.56,42.0
71.4,42.0
72.24,42.0
73.08,42.0
78.12,42.0
78.96,42.0
83.16,42.0
86.52,42.0
87.36,42.0
89.04,42.0
89.88,42.0
91.56,42.0
93.24,42.0
96.6,42.0
50.4,41.16
53.76,41.16
55.44,41.16
57.12,41.16
57.96,41.16
59.64,41.16
60.48,41.16
63.84,41.16
68.04,41.16
68.88,41.16
73.92,41.16
74.76,41.16
75.6,41.16
76.44,41.16
77.28,41.16
79.8,41.16
80.64,41.16
81.48,41.16
82.32,41.16
84.0,41.16
84.84,41.16
85.68,41.16
88.2,41.16
90.72,41.16
92.4,41.16
94.08,41.16
94.92,41.16
95.76,41.16
97.44,41.16
49.56,40.32
51.24,40.32
52.08,40.32
52.92,40.32
54.6,40.32
56.28,40.32
58.8,40.32
61.32,40.32
62.16,40.32
63.0,40.32
64.68,40.32
65.52,40.32
66.36,40.32
67.2,40.32
69.72,40.32
70.56,40.32
71.4,40.32
72.24,40.32
73.08,40.32
78.12,40.32
78.96,40.32
83.16,40.32
86.52,40.32
87.36,40.32
89.04,40.32
89.88,40.32
91.56,40.32
93.24,40.32
96.6,40.32
49.56,39.48
51.24,39.48
52.08,39.48
52.92,39.48
54.6,39.48
56.28,39.48
58.8,39.48
61.32,39.48
62.16,39.48
63.0,39.48
64.68,39.48
65.52,39.48
66.36,39.48
67.2,39.48
69.72,39.48
70.56,39.48
71.4,39.48
72.24,39.48
73.08,39.48
78.12,39.48
78.96,39.48
83.16,39.48
86.52,39.48
87.36,39.48
89.04,39.48
89.88,39.48
91.56,39.48
93.24,39.48
96.6,39.48
50.4,38.64
53.76,38.64
55.44,38.64
57.12,38.64
57.96,38.64
59.64,38.64
60.48,38.64
63.84,38.64
68.04,38.64
68.88,38.64
73.92,38.64
74.76,38.64
75.6,38.64
76.44,38.64
77.28,38.64
79.8,38.64
80.64,38.64
81.48,38.64
82.32,38.64
84.0,38.64
84.84,38.64
85.68,38.64
88.2,38.64
90.72,38.64
92.4,38.64
94.08,38.64
94.92,38.64
95.76,38.64
97.44,38.64
49.56,37.8
51.24,37.8
52.08,37.8
52.92,37.8
54.6,37.8
56.28,37.8
58.8,37.8
61.32,37.8
62.16,37.8
63.0,37.8
64.68,37.8
65.52,37.8
66.36,37.8
67.2,37.8
69.72,37.8
70.56,37.8
71.4,37.8
72.24,37.8
73.08,37.8
78.12,37.8
78.96,37.8
83.16,37.8
86.52,37.8
87.36,37.8
89.04,37.8
89.88,37.8
91.56,37.8
93.24,37.8
96.6,37.8
49.56,36.96
51.24,36.96
52.08,36.96
52.92,36.96
54.6,36.96
56.28,36.96
58.8,36.96
61.32,36.96
62.16,36.96
63.0,36.96
64.68,36.96
65.52,36.96
66.36,36.96
67.2,36.96
69.72,36.96
70.56,36.96
71.4,36.96
72.24,36.96
73.08,36.96
78.12,36.96
78.96,36.96
83.16,36.96
86.52,36.96
87.36,36.96
89.04,36.96
89.88,36.96
91.56,36.96
93.24,36.96
96.6,36.96
50.4,36.12
53.76,36.12
55.44,36.12
57.12,36.12
57.96,36.12
59.64,36.12
60.48,36.12
63.84,36.12
68.04,36.12
68.88,36.12
73.92,36.12
74.76,36.12
75.6,36.12
76.44,36.12
77.28,36.12
79.8,36.12
80.64,36.12
81.48,36.12
82.32,36.12
84.0,36.12
84.84,36.12
85.68,36.12
88.2,36.12
90.72,36.12
92.4,36.12
94.08,36.12
94.92,36.12
95.76,36.12
97.44,36.12
50.4,35.28
53.76,35.28
55.44,35.28
57.12,35.28
57.96,35.28
59.64,35.28
60.48,35.28
63.84,35.28
68.04,35.28
68.88,35.28
73.92,35.28
74.76,35.28
75.6,35.28
76.44,35.28
77.28,35.28
79.8,35.28
80.64,35.28
81.48,35.28
82.32,35.28
84.0,35.28
84.84,35.28
85.68,35.28
88.2,35.28
90.72,35.28
92.4,35.28
94.08,35.28
94.92,35.28
95.76,35.28
97.44,35.28
50.4,34.44
53.76,34.44
55.44,34.44
57.12,34.44
57.96,34.44
59.64,34.44
60.48,34.44
63.84,34.44
68.04,34.44
68.88,34.44
73.92,34.44
74.76,34.44
75.6,34.44
76.44,34.44
77.28,34.44
79.8,34.44
80.64,34.44
81.48,34.44
82.32,34.44
84.0,34.44
84.84,34.44
85.68,34.44
88.2,34.44
90.72,34.44
92.4,34.44
94.08,34.44
94.92,34.44
95.76,34.44
97.44,34.44
49.56,33.6
51.24,33.6
52.08,33.6
52.92,33.6
54.6,33.6
56.28,33.6
58.8,33.6
61.32,33.6
62.16,33.6
63.0,33.6
64.68,33.6
65.52,33.6
66.36,33.6
67.2,33.6
69.72,33.6
70.56,33.6
71.4,33.6
72.24,33.6
73.08,33.6
78.12,33.6
78.96,33.6
83.16,33.6
86.52,33.6
87.36,33.6
89.04,33.6
89.88,33.6
91.56,33.6
93.24,33.6
96.6,33.6
50.4,32.76
53.76,32.76
55.44,32.76
57.12,32.76
57.96,32.76
59.64,32.76
60.48,32.76
63.84,32.76
68.04,32.76
68.88,32.76
73.92,32.76
74.76,32.76
75.6,32.76
76.44,32.76
77.28,32.76
79.8,32.76
80.64,32.76
81.48,32.76
82.32,32.76
84.0,32.76
84.84,32.76
85.68,32.76
88.2,32.76
90.72,32.76
92.4,32.76
94.08,32.76
94.92,32.76
95.76,32.76
97.44,32.76
50.4,31.92
53.76,31.92
55.44,31.92
57.12,31.92
57.96,31.92
59.64,31.92
60.48,31.92
63.84,31.92
68.04,31.92
68.88,31.92
73.92,31.92
74.76,31.92
75.6,31.92
76.44,31.92
77.28,31.92
79.8,31.92
80.64,31.92
81.48,31.92
82.32,31.92
84.0,31.92
84.84,31.92
85.68,31.92
88.2,31.92
90.72,31.92
92.4,31.92
94.08,31.92
94.92,31.92
95.76,31.92
97.44,31.92
50.4,31.08
53.76,31.08
55.44,31.08
57.12,31.08
57.96,31.08
59.64,31.08
60.48,31.08
63.84,31.08
68.04,31.08
68.88,31.08
73.92,31.08
74.76,31.08
75.6,31.08
76.44,31.08
77.28,31.08
79.8,31.08
80.64,31.08
81.48,31.08
82.32,31.08
84.0,31.08
84.84,31.08
85.68,31.08
88.2,31.08
90.72,31.08
92.4,31.08
94.08,31.08
94.92,31.08
95.76,31.08
97.44,31.08
50.4,30.24
53.76,30.24
55.44,30.24
57.12,30.24
57.96,30.24
59.64,30.24
60.48,30.24
63.84,30.24
68.04,30.24
68.88,30.24
73.92,30.24
74.76,30.24
75.6,30.24
76.44,30.24
77.28,30.24
79.8,30.24
80.64,30.24
81.48,30.24
82.32,30.24
84.0,30.24
84.84,30.24
85.68,30.24
88.2,30.24
90.72,30.24
92.4,30.24
94.08,30.24
94.92,30.24
95.76,30.24
97.44,30.24
49.56,29.4
51.24,29.4
52.08,29.4
52.92,29.4
54.6,29.4
56.28,29.4
58.8,29.4
61.32,29.4
62.16,29.4
63.0,29.4
64.68,29.4
65.52,29.4
66.36,29.4
67.2,29.4
69.72,29.4
70.56,29.4
71.4,29.4
72.24,29.4
73.08,29.4
78.12,29.4
78.96,29.4
83.16,29.4
86.52,29.4
87.36,29.4
89.04,29.4
89.88,29.4
91.56,29.4
93.24,29.4
96.6,29.4
49.56,28.56
51.24,28.56
52.08,28.56
52.92,28.56
54.6,28.56
56.28,28.56
58.8,28.56
61.32,28.56
62.16,28.56
63.0,28.56
64.68,28.56
65.52,28.56
66.36,28.56
67.2,28.56
69.72,28.56
70.56,28.56
71.4,28.56
72.24,28.56
73.08,28.56
78.12,28.56
78.96,28.56
83.16,28.56
86.52,28.56
87.36,28.56
89.04,28.56
89.88,28.56
91.56,28.56
93.24,28.56
96.6,28.56
50.4,27.72
53.76,27.72
55.44,27.72
57.12,27.72
57.96,27.72
59.64,27.72
60.48,27.72
63.84,27.72
68.04,27.72
68.88,27.72
73.92,27.72
74.76,27.72
75.6,27.72
76.44,27.72
77.28,27.72
79.8,27.72
80.64,27.72
81.48,27.72
82.32,27.72
84.0,27.72
84.84,27.72
85.68,27.72
88.2,27.72
90.72,27.72
92.4,27.72
94.08,27.72
94.92,27.72
95.76,27.72
97.44,27.72
50.4,26.88
53.76,26.88
55.44,26.88
57.12,26.88
57.96,26.88
59.64,26.88
60.48,26.88
63.84,26.88
68.04,26.88
68.88,26.88
73.92,26.88
74.76,26.88
75.6,26.88
76.44,26.88
77.28,26.88
79.8,26.88
80.64,26.88
81.48,26.88
82.32,26.88
84.0,26.88
84.84,26.88
85.68,26.88
88.2,26.88
90.72,26.88
92.4,26.88
94.08,26.88
94.92,26.88
95.76,26.88
97.44,26.88
50.4,26.04
53.76,26.04
55.44,26.04
57.12,26.04
57.96,26.04
59.64,26.04
60.48,26.04
63.84,26.04
68.04,26.04
68.88,26.04
73.92,26.04
74.76,26.04
75.6,26.04
76.44,26.04
77.28,26.04
79.8,26.04
80.64,26.04
81.48,26.04
82.32,26.04
84.0,26.04
84.84,26.04
85.68,26.04
88.2,26.04
90.72,26.04
92.4,26.04
94.08,26.04
94.92,26.04
95.76,26.04
97.44,26.04
50.4,25.2
53.76,25.2
55.44,25.2
57.12,25.2
57.96,25.2
59.64,25.2
60.48,25.2
63.84,25.2
68.04,25.2
68.88,25.2
73.92,25.2
74.76,25.2
75.6,25.2
76.44,25.2
77.28,25.2
79.8,25.2
80.64,25.2
81.48,25.2
82.32,25.2
84.0,25.2
84.84,25.2
85.68,25.2
88.2,25.2
90.72,25.2
92.4,25.2
94.08,25.2
94.92,25.2
95.76,25.2
97.44,25.2
50.4,24.36
53.76,24.36
55.44,24.36
57.12,24.36
57.96,24.36
59.64,24.36
60.48,24.36
63.84,24.36
68.04,24.36
68.88,24.36
73.92,24.36
74.76,24.36
75.6,24.36
76.44,24.36
77.28,24.36
79.8,24.36
80.64,24.36
81.48,24.36
82.32,24.36
84.0,24.36
84.84,24.36
85.68,24.36
88.2,24.36
90.72,24.36
92.4,24.36
94.08,24.36
94.92,24.36
95.76,24.36
97.44,24.36
49.56,23.52
51.24,23.52
52.08,23.52
52.92,23.52
54.6,23.52
56.28,23.52
58.8,23.52
61.32,23.52
62.16,23.52
63.0,23.52
64.68,23.52
65.52,23.52
66.36,23.52
67.2,23.52
69.72,23.52
70.56,23.52
71.4,23.52
72.24,23.52
73.08,23.52
78.12,23.52
78.96,23.52
83.16,23.52
86.52,23.52
87.36,23.52
89.04,23.52
89.88,23.52
91.56,23.52
93.24,23.52
96.6,23.52
49.56,22.68
51.24,22.68
52.08,22.68
52.92,22.68
54.6,22.68
56.28,22.68
58.8,22.68
61.32,22.68
62.16,22.68
63.0,22.68
64.68,22.68
65.52,22.68
66.36,22.68
67.2,22.68
69.72,22.68
70.56,22.68
71.4,22.68
72.24,22.68
73.08,22.68
78.12,22.68
78.96,22.68
83.16,22.68
86.52,22.68
87.36,22.68
89.04,22.68
89.88,22.68
91.56,22.68
93.24,22.68
96.6,22.68
49.56,21.84
51.24,21.84
52.08,21.84
52.92,21.84
54.6,21.84
56.28,21.84
58.8,21.84
61.32,21.84
62.16,21.84
63.0,21.84
64.68,21.84
65.52,21.84
66.36,21.84
67.2,21.84
69.72,21.84
70.56,21.84
71.4,21.84
72.24,21.84
73.08,21.84
78.12,21.84
78.96,21.84
83.16,21.84
86.52,21.84
87.36,21.84
89.04,21.84
89.88,21.84
91.56,21.84
93.24,21.84
96.6,21.84
49.56,21.0
51.24,21.0
52.08,21.0
52.92,21.0
54.6,21.0
56.28,21.0
58.8,21.0
61.32,21.0
62.16,21.0
63.0,21.0
64.68,21.0
65.52,21.0
66.36,21.0
67.2,21.0
69.72,21.0
70.56,21.0
71.4,21.0
72.24,21.0
73.08,21.0
78.12,21.0
78.96,21.0
83.16,21.0
86.52,21.0
87.36,21.0
89.04,21.0
89.88,21.0
91.56,21.0
93.24,21.0
96.6,21.0
49.56,20.16
51.24,20.16
52.08,20.16
52.92,20.16
54.6,20.16
56.28,20.16
58.8,20.16
61.32,20.16
62.16,20.16
63.0,20.16
64.68,20.16
65.52,20.16
66.36,20.16
67.2,20.16
69.72,20.16
70.56,20.16
71.4,20.16
72.24,20.16
73.08,20.16
78.12,20.16
78.96,20.16
83.16,20.16
86.52,20.16
87.36,20.16
89.04,20.16
89.88,20.16
91.56,20.16
93.24,20.16
96.6,20.16
50.4,19.32
53.76,19.32
55.44,19.32
57.12,19.32
57.96,19.32
59.64,19.32
60.48,19.32
63.84,19.32
68.04,19.32
68.88,19.32
73.92,19.32
74.76,19.32
75.6,19.32
76.44,19.32
77.28,19.32
79.8,19.32
80.64,19.32
81.48,19.32
82.32,19.32
84.0,19.32
84.84,19.32
85.68,19.32
88.2,19.32
90.72,19.32
92.4,19.32
94.08,19.32
94.92,19.32
95.76,19.32
97.44,19.32
50.4,18.48
53.76,18.48
55.44,18.48
57.12,18.48
57.96,18.48
59.64,18.48
60.48,18.48
63.84,18.48
68.04,18.48
68.88,18.48
73.92,18.48
74.76,18.48
75.6,18.48
76.44,18.48
77.28,18.48
79.8,18.48
80.64,18.48
81.48,18.48
82.32,18.48
84.0,18.48
84.84,18.48
85.68,18.48
88.2,18.48
90.72,18.48
92.4,18.48
94.08,18.48
94.92,18.48
95.76,18.48
97.44,18.48
49.56,17.64
51.24,17.64
52.08,17.64
52.92,17.64
54.6,17.64
56.28,17.64
58.8,17.64
61.32,17.64
62.16,17.64
63.0,17.64
64.68,17.64
65.52,17.64
66.36,17.64
67.2,17.64
69.72,17.64
70.56,17.64
71.4,17.64
72.24,17.64
73.08,17.64
78.12,17.64
78.96,17.64
83.16,17.64
86.52,17.64
87.36,17.64
89.04,17.64
89.88,17.64
91.56,17.64
93.24,17.64
96.6,17.64
49.56,16.8
51.24,16.8
52.08,16.8
52.92,16.8
54.6,16.8
56.28,16.8
58.8,16.8
61.32,16.8
62.16,16.8
63.0,16.8
64.68,16.8
65.52,16.8
66.36,16.8
67.2,16.8
69.72,16.8
70.56,16.8
71.4,16.8
72.24,16.8
73.08,16.8
78.12,16.8
78.96,16.8
83.16,16.8
86.52,16.8
87.36,16.8
89.04,16.8
89.88,16.8
91.56,16.8
93.24,16.8
96.6,16.8
49.56,15.96
51.24,15.96
52.08,15.96
52.92,15.96
54.6,15.96
56.28,15.96
58.8,15.96
61.32,15.96
62.16,15.96
63.0,15.96
64.68,15.96
65.52,15.96
66.36,15.96
67.2,15.96
69.72,15.96
70.56,15.96
71.4,15.96
72.24,15.96
73.08,15.96
78.12,15.96
78.96,15.96
83.16,15.96
86.52,15.96
87.36,15.96
89.04,15.96
89.88,15.96
91.56,15.96
93.24,15.96
96.6,15.96
49.56,15.12
51.24,15.12
52.08,15.12
52.92,15.12
54.6,15.12
56.28,15.12
58.8,15.12
61.32,15.12
62.16,15.12
63.0,15.12
64.68,15.12
65.52,15.12
66.36,15.12
67.2,15.12
69.72,15.12
70.56,15.12
71.4,15.12
72.24,15.12
73.08,15.12
78.12,15.12
78.96,15.12
83.16,15.12
86.52,15.12
87.36,15.12
89.04,15.12
89.88,15.12
91.56,15.12
93.24,15.12
96.6,15.12
50.4,14.28
53.76,14.28
55.44,14.28
57.12,14.28
57.96,14.28
59.64,14.28
60.48,14.28
63.84,14.28
68.04,14.28
68.88,14.28
73.92,14.28
74.76,14.28
75.6,14.28
76.44,14.28
77.28,14.28
79.8,14.28
80.64,14.28
81.48,14.28
82.32,14.28
84.0,14.28
84.84,14.28
85.68,14.28
88.2,14.28
90.72,14.28
92.4,14.28
94.08,14.28
94.92,14.28
95.76,14.28
97.44,14.28
49.56,13.44
51.24,13.44
52.08,13.44
52.92,13.44
54.6,13.44
56.28,13.44
58.8,13.44
61.32,13.44
62.16,13.44
63.0,13.44
64.68,13.44
65.52,13.44
66.36,13.44
67.2,13.44
69.72,13.44
70.56,13.44
71.4,13.44
72.24,13.44
73.08,13.44
78.12,13.44
78.96,13.44
83.16,13.44
86.52,13.44
87.36,13.44
89.04,13.44
89.88,13.44
91.56,13.44
93.24,13.44
96.6,13.44
49.56,12.6
51.24,12.6
52.08,12.6
52.92,12.6
54.6,12.6
56.28,12.6
58.8,12.6
61.32,12.6
62.16,12.6
63.0,12.6
64.68,12.6
65.52,12.6
66.36,12.6
67.2,12.6
69.72,12.6
70.56,12.6
71.4,12.6
72.24,12.6
73.08,12.6
78.12,12.6
78.96,12.6
83.16,12.6
86.52,12.6
87.36,12.6
89.04,12.6
89.88,12.6
91.56,12.6
93.24,12.6
96.6,12.6
49.56,11.76
51.24,11.76
52.08,11.76
52.92,11.76
54.6,11.76
56.28,11.76
58.8,11.76
61.32,11.76
62.16,11.76
63.0,11.76
64.68,11.76
65.52,11.76
66.36,11.76
67.2,11.76
69.72,11.76
70.56,11.76
71.4,11.76
72.24,11.76
73.08,11.76
78.12,11.76
78.96,11.76
83.16,11.76
86.52,11.76
87.36,11.76
89.04,11.76
89.88,11.76
91.56,11.76
93.24,11.76
96.6,11.76
50.4,10.92
53.76,10.92
55.44,10.92
57.12,10.92
57.96,10.92
59.64,10.92
60.48,10.92
63.84,10.92
68.04,10.92
68.88,10.92
73.92,10.92
74.76,10.92
75.6,10.92
76.44,10.92
77.28,10.92
79.8,10.92
80.64,10.92
81.48,10.92
82.32,10.92
84.0,10.92
84.84,10.92
85.68,10.92
88.2,10.92
90.72,10.92
92.4,10.92
94.08,10.92
94.92,10.92
95.76,10.92
97.44,10.92
50.4,10.08
53.76,10.08
55.44,10.08
57.12,10.08
57.96,10.08
59.64,10.08
60.48,10.08
63.84,10.08
68.04,10.08
68.88,10.08
73.92,10.08
74.76,10.08
75.6,10.08
76.44,10.08
77.28,10.08
79.8,10.08
80.64,10.08
81.48,10.08
82.32,10.08
84.0,10.08
84.84,10.08
85.68,10.08
88.2,10.08
90.72,10.08
92.4,10.08
94.08,10.08
94.92,10.08
95.76,10.08
97.44,10.08
49.56,9.24
51.24,9.24
52.08,9.24
52.92,9.24
54.6,9.24
56.28,9.24
58.8,9.24
61.32,9.24
62.16,9.24
63.0,9.24
64.68,9.24
65.52,9.24
66.36,9.24
67.2,9.24
69.72,9.24
70.56,9.24
71.4,9.24
72.24,9.24
73.08,9.24
78.12,9.24
78.96,9.24
83.16,9.24
86.52,9.24
87.36,9.24
89.04,9.24
89.88,9.24
91.56,9.24
93.24,9.24
96.6,9.24
50.4,8.4
53.76,8.4
55.44,8.4
57.12,8.4
57.96,8.4
59.64,8.4
60.48,8.4
63.84,8.4
68.04,8.4
68.88,8.4
73.92,8.4
74.76,8.4
75.6,8.4
76.44,8.4
77.28,8.4
79.8,8.4
80.64,8.4
81.48,8.4
82.32,8.4
84.0,8.4
84.84,8.4
85.68,8.4
88.2,8.4
90.72,8.4
92.4,8.4
94.08,8.4
94.92,8.4
95.76,8.4
97.44,8.4
50.4,7.56
53.76,7.56
55.44,7.56
57.12,7.56
57.96,7.56
59.64,7.56
60.48,7.56
63.84,7.56
68.04,7.56
68.88,7.56
73.92,7.56
74.76,7.56
75.6,7.56
76.44,7.56
77.28,7.56
79.8,7.56
80.64,7.56
81.48,7.56
82.32,7.56
84.0,7.56
84.84,7.56
85.68,7.56
88.2,7.56
90.72,7.56
92.4,7.56
94.08,7.56
94.92,7.56
95.76,7.56
97.44,7.56
49.56,6.72
51.24,6.72
52.08,6.72
52.92,6.72
54.6,6.72
56.28,6.72
58.8,6.72
61.32,6.72
62.16,6.72
63.0,6.72
64.68,6.72
65.52,6.72
66.36,6.72
67.2,6.72
69.72,6.72
70.56,6.72
71.4,6.72
72.24,6.72
73.08,6.72
78.12,6.72
78.96,6.72
83.16,6.72
86.52,6.72
87.36,6.72
89.04,6.72
89.88,6.72
91.56,6.72
93.24,6.72
96.6,6.72
50.4,5.88
53.76,5.88
55.44,5.88
57.12,5.88
57.96,5.88
59.64,5.88
60.48,5.88
63.84,5.88
68.04,5.88
68.88,5.88
73.92,5.88
74.76,5.88
75.6,5.88
76.44,5.88
77.28,5.88
79.8,5.88
80.64,5.88
81.48,5.88
82.32,5.88
84.0,5.88
84.84,5.88
85.68,5.88
88.2,5.88
90.72,5.88
92.4,5.88
94.08,5.88
94.92,5.88
95.76,5.88
97.44,5.88
49.56,5.04
51.24,5.04
52.08,5.04
52.92,5.04
54.6,5.04
56.28,5.04
58.8,5.04
61.32,5.04
62.16,5.04
63.0,5.04
64.68,5.04
65.52,5.04
66.36,5.04
67.2,5.04
69.72,5.04
70.56,5.04
71.4,5.04
72.24,5.04
73.08,5.04
78.12,5.04
78.96,5.04
83.16,5.04
86.52,5.04
87.36,5.04
89.04,5.04
89.88,5.04
91.56,5.04
93.24,5.04
96.6,5.04
50.4,4.2
53.76,4.2
55.44,4.2
57.12,4.2
57.96,4.2
59.64,4.2
60.48,4.2
63.84,4.2
68.04,4.2
68.88,4.2
73.92,4.2
74.76,4.2
75.6,4.2
76.44,4.2
77.28,4.2
79.8,4.2
80.64,4.2
81.48,4.2
82.32,4.2
84.0,4.2
84.84,4.2
85.68,4.2
88.2,4.2
90.72,4.2
92.4,4.2
94.08,4.2
94.92,4.2
95.76,4.2
97.44,4.2
49.56,3.36
51.24,3.36
52.08,3.36
52.92,3.36
54.6,3.36
56.28,3.36
58.8,3.36
61.32,3.36
62.16,3.36
63.0,3.36
64.68,3.36
65.52,3.36
66.36,3.36
67.2,3.36
69.72,3.36
70.56,3.36
71.4,3.36
72.24,3.36
73.08,3.36
78.12,3.36
78.96,3.36
83.16,3.36
86.52,3.36
87.36,3.36
89.04,3.36
89.88,3.36
91.56,3.36
93.24,3.36
96.6,3.36
49.56,2.52
51.24,2.52
52.08,2.52
52.92,2.52
54.6,2.52
56.28,2.52
58.8,2.52
61.32,2.52
62.16,2.52
63.0,2.52
64.68,2.52
65.52,2.52
66.36,2.52
67.2,2.52
69.72,2.52
70.56,2.52
71.4,2.52
72.24,2.52
73.08,2.52
78.12,2.52
78.96,2.52
83.16,2.52
86.52,2.52
87.36,2.52
89.04,2.52
89.88,2.52
91.56,2.52
93.24,2.52
96.6,2.52
49.56,1.68
51.24,1.68
52.08,1.68
52.92,1.68
54.6,1.68
56.28,1.68
58.8,1.68
61.32,1.68
62.16,1.68
63.0,1.68
64.68,1.68
65.52,1.68
66.36,1.68
67.2,1.68
69.72,1.68
70.56,1.68
71.4,1.68
72.24,1.68
73.08,1.68
78.12,1.68
78.96,1.68
83.16,1.68
86.52,1.68
87.36,1.68
89.04,1.68
89.88,1.68
91.56,1.68
93.24,1.68
96.6,1.68
50.4,0.84
53.76,0.84
55.44,0.84
57.12,0.84
57.96,0.84
59.64,0.84
60.48,0.84
63.84,0.84
68.04,0.84
68.88,0.84
73.92,0.84
74.76,0.84
75.6,0.84
76.44,0.84
77.28,0.84
79.8,0.84
80.64,0.84
81.48,0.84
82.32,0.84
84.0,0.84
84.84,0.84
85.68,0.84
88.2,0.84
90.72,0.84
92.4,0.84
94.08,0.84
94.92,0.84
95.76,0.84
97.44,0.84
49.56,-0.0
51.24,-0.0
52.08,-0.0
52.92,-0.0
54.6,-0.0
56.28,-0.0
58.8,-0.0
61.32,-0.0
62.16,-0.0
63.0,-0.0
64.68,-0.0
65.52,-0.0
66.36,-0.0
67.2,-0.0
69.72,-0.0
70.56,-0.0
71.4,-0.0
72.24,-0.0
73.08,-0.0
78.12,-0.0
78.96,-0.0
83.16,-0.0
86.52,-0.0
87.36,-0.0
89.04,-0.0
89.88,-0.0
91.56,-0.0
93.24,-0.0
96.6,-0.0
48.72,98.28
49.56,98.28
50.4,98.28
51.24,98.28
52.08,98.28
52.92,98.28
53.76,98.28
54.6,98.28
55.44,98.28
56.28,98.28
57.12,98.28
57.96,98.28
58.8,98.28
59.64,98.28
60.48,98.28
61.32,98.28
62.16,98.28
63.0,98.28
63.84,98.28
64.68,98.28
65.52,98.28
66.36,98.28
67.2,98.28
68.04,98.28
68.88,98.28
69.72,98.28
70.56,98.28
71.4,98.28
72.24,98.28
73.08,98.28
73.92,98.28
74.76,98.28
75.6,98.28
76.44,98.28
77.28,98.28
78.12,98.28
78.96,98.28
79.8,98.28
80.64,98.28
81.48,98.28
82.32,98.28
83.16,98.28
84.0,98.28
84.84,98.28
85.68,98.28
86.52,98.28
87.36,98.28
88.2,98.28
89.04,98.28
89.88,98.28
90.72,98.28
91.56,98.28
92.4,98.28
93.24,98.28
94.08,98.28
94.92,98.28
95.76,98.28
96.6,98.28
97.44,98.28
50.4,97.44
53.76,97.44
55.44,97.44
57.12,97.44
57.96,97.44
59.64,97.44
60.48,97.44
63.84,97.44
68.04,97.44
68.88,97.44
73.92,97.44
74.76,97.44
75.6,97.44
76.44,97.44
77.28,97.44
79.8,97.44
80.64,97.44
81.48,97.44
82.32,97.44
84.0,97.44
84.84,97.44
85.68,97.44
88.2,97.44
90.72,97.44
92.4,97.44
94.08,97.44
94.92,97.44
95.76,97.44
97.44,97.44
49.56,96.6
51.24,96.6
52.08,96.6
52.92,96.6
54.6,96.6
56.28,96.6
58.8,96.6
61.32,96.6
62.16,96.6
63.0,96.6
64.68,96.6
65.52,96.6
66.36,96.6
67.2,96.6
69.72,96.6
70.56,96.6
71.4,96.6
72.24,96.6
73.08,96.6
78.12,96.6
78.96,96.6
83.16,96.6
86.52,96.6
87.36,96.6
89.04,96.6
89.88,96.6
91.56,96.6
93.24,96.6
96.6,96.6
50.4,95.76
53.76,95.76
55.44,95.76
57.12,95.76
57.96,95.76
59.64,95.76
60.48,95.76
63.84,95.76
68.04,95.76
68.88,95.76
73.92,95.76
74.76,95.76
75.6,95.76
76.44,95.76
77.28,95.76
79.8,95.76
80.64,95.76
81.48,95.76
82.32,95.76
84.0,95.76
84.84,95.76
85.68,95.76
88.2,95.76
90.72,95.76
92.4,95.76
94.08,95.76
94.92,95.76
95.76,95.76
97.44,95.76
50.4,94.92
53.76,94.92
55.44,94.92
57.12,94.92
57.96,94.92
59.64,94.92
60.48,94.92
63.84,94.92
68.04,94.92
68.88,94.92
73.92,94.92
74.76,94.92
75.6,94.92
76.44,94.92
77.28,94.92
79.8,94.92
80.64,94.92
81.48,94.92
82.32,94.92
84.0,94.92
84.84,94.92
85.68,94.92
88.2,94.92
90.72,94.92
92.4,94.92
94.08,94.92
94.92,94.92
95.76,94.92
97.44,94.92
50.4,94.08
53.76,94.08
55.44,94.08
57.12,94.08
57.96,94.08
59.64,94.08
60.48,94.08
63.84,94.08
68.04,94.08
68.88,94.08
73.92,94.08
74.76,94.08
75.6,94.08
76.44,94.08
77.28,94.08
79.8,94.08
80.64,94.08
81.48,94.08
82.32,94.08
84.0,94.08
84.84,94.08
85.68,94.08
88.2,94.08
90.72,94.08
92.4,94.08
94.08,94.08
94.92,94.08
95.76,94.08
97.44,94.08
49.56,93.24
51.24,93.24
52.08,93.24
52.92,93.24
54.6,93.24
56.28,93.24
58.8,93.24
61.32,93.24
62.16,93.24
63.0,93.24
64.68,93.24
65.52,93.24
66.36,93.24
67.2,93.24
69.72,93.24
70.56,93.24
71.4,93.24
72.24,93.24
73.08,93.24
78.12,93.24
78.96,93.24
83.16,93.24
86.52,93.24
87.36,93.24
89.04,93.24
89.88,93.24
91.56,93.24
93.24,93.24
96.6,93.24
50.4,92.4
53.76,92.4
55.44,92.4
57.12,92.4
57.96,92.4
59.64,92.4
60.48,92.4
63.84,92.4
68.04,92.4
68.88,92.4
73.92,92.4
74.76,92.4
75.6,92.4
76.44,92.4
77.28,92.4
79.8,92.4
80.64,92.4
81.48,92.4
82.32,92.4
84.0,92.4
84.84,92.4
85.68,92.4
88.2,92.4
90.72,92.4
92.4,92.4
94.08,92.4
94.92,92.4
95.76,92.4
97.44,92.4
49.56,91.56
51.24,91.56
52.08,91.56
52.92,91.56
54.6,91.56
56.28,91.56
58.8,91.56
61.32,91.56
62.16,91.56
63.0,91.56
64.68,91.56
65.52,91.56
66.36,91.56
67.2,91.56
69.72,91.56
70.56,91.56
71.4,91.56
72.24,91.56
73.08,91.56
78.12,91.56
78.96,91.56
83.16,91.56
86.52,91.56
87.36,91.56
89.04,91.56
89.88,91.56
91.56,91.56
93.24,91.56
96.6,91.56
50.4,90.72
53.76,90.72
55.44,90.72
57.12,90.72
57.96,90.72
59.64,90.72
60.48,90.72
63.84,90.72
68.04,90.72
68.88,90.72
73.92,90.72
74.76,90.72
75.6,90.72
76.44,90.72
77.28,90.72
79.8,90.72
80.64,90.72
81.48,90.72
82.32,90.72
84.0,90.72
84.84,90.72
85.68,90.72
88.2,90.72
90.72,90.72
92.4,90.72
94.08,90.72
94.92,90.72
95.76,90.72
97.44,90.72
49.56,89.88
51.24,89.88
52.08,89.88
52.92,89.88
54.6,89.88
56.28,89.88
58.8,89.88
61.32,89.88
62.16,89.88
63.0,89.88
64.68,89.88
65.52,89.88
66.36,89.88
67.2,89.88
69.72,89.88
70.56,89.88
71.4,89.88
72.24,89.88
73.08,89.88
78.12,89.88
78.96,89.88
83.16,89.88
86.52,89.88
87.36,89.88
89.04,89.88
89.88,89.88
91.56,89.88
93.24,89.88
96.6,89.88
49.56,89.04
51.24,89.04
52.08,89.04
52.92,89.04
54.6,89.04
56.28,89.04
58.8,89.04
61.32,89.04
62.16,89.04
63.0,89.04
64.68,89.04
65.52,89.04
66.36,89.04
67.2,89.04
69.72,89.04
70.56,89.04
71.4,89.04
72.24,89.04
73.08,89.04
78.12,89.04
78.96,89.04
83.16,89.04
86.52,89.04
87.36,89.04
89.04,89.04
89.88,89.04
91.56,89.04
93.24,89.04
96.6,89.04
50.4,88.2
53.76,88.2
55.44,88.2
57.12,88.2
57.96,88.2
59.64,88.2
60.48,88.2
63.84,88.2
68.04,88.2
68.88,88.2
73.92,88.2
74.76,88.2
75.6,88.2
76.44,88.2
77.28,88.2
79.8,88.2
80.64,88.2
81.48,88.2
82.32,88.2
84.0,88.2
84.84,88.2
85.68,88.2
88.2,88.2
90.72,88.2
92.4,88.2
94.08,88.2
94.92,88.2
95.76,88.2
97.44,88.2
49.56,87.36
51.24,87.36
52.08,87.36
52.92,87.36
54.6,87.36
56.28,87.36
58.8,87.36
61.32,87.36
62.16,87.36
63.0,87.36
64.68,87.36
65.52,87.36
66.36,87.36
67.2,87.36
69.72,87.36
70.56,87.36
71.4,87.36
72.24,87.36
73.08,87.36
78.12,87.36
78.96,87.36
83.16,87.36
86.52,87.36
87.36,87.36
89.04,87.36
89.88,87.36
91.56,87.36
93.24,87.36
96.6,87.36
49.56,86.52
51.24,86.52
52.08,86.52
52.92,86.52
54.6,86.52
56.28,86.52
58.8,86.52
61.32,86.52
62.16,86.52
63.0,86.52
64.68,86.52
65.52,86.52
66.36,86.52
67.2,86.52
69.72,86.52
70.56,86.52
71.4,86.52
72.24,86.52
73.08,86.52
78.12,86.52
78.96,86.52
83.16,86.52
86.52,86.52
87.36,86.52
89.04,86.52
89.88,86.52
91.56,86.52
93.24,86.52
96.6,86.52
50.4,85.68
53.76,85.68
55.44,85.68
57.12,85.68
57.96,85.68
59.64,85.68
60.48,85.68
63.84,85.68
68.04,85.68
68.88,85.68
73.92,85.68
74.76,85.68
75.6,85.68
76.44,85.68
77.28,85.68
79.8,85.68
80.64,85.68
81.48,85.68
82.32,85.68
84.0,85.68
84.84,85.68
85.68,85.68
88.2,85.68
90.72,85.68
92.4,85.68
94.08,85.68
94.92,85.68
95.76,85.68
97.44,85.68
50.4,84.84
53.76,84.84
55.44,84.84
57.12,84.84
57.96,84.84
59.64,84.84
60.48,84.84
63.84,84.84
68.04,84.84
68.88,84.84
73.92,84.84
74.76,84.84
75.6,84.84
76.44,84.84
77.28,84.84
79.8,84.84
80.64,84.84
81.48,84.84
82.32,84.84
84.0,84.84
84.84,84.84
85.68,84.84
88.2,84.84
90.72,84.84
92.4,84.84
94.08,84.84
94.92,84.84
95.76,84.84
97.44,84.84
50.4,84.0
53.76,84.0
55.44,84.0
57.12,84.0
57.96,84.0
59.64,84.0
60.48,84.0
63.84,84.0
68.04,84.0
68.88,84.0
73.92,84.0
74.76,84.0
75.6,84.0
76.44,84.0
77.28,84.0
79.8,84.0
80.64,84.0
81.48,84.0
82.32,84.0
84.0,84.0
84.84,84.0
85.68,84.0
88.2,84.0
90.72,84.0
92.4,84.0
94.08,84.0
94.92,84.0
95.76,84.0
97.44,84.0
49.56,83.16
51.24,83.16
52.08,83.16
52.92,83.16
54.6,83.16
56.28,83.16
58.8,83.16
61.32,83.16
62.16,83.16
63.0,83.16
64.68,83.16
65.52,83.16
66.36,83.16
67.2,83.16
69.72,83.16
70.56,83.16
71.4,83.16
72.24,83.16
73.08,83.16
78.12,83.16
78.96,83.16
83.16,83.16
86.52,83.16
87.36,83.16
89.04,83.16
89.88,83.16
91.56,83.16
93.24,83.16
96.6,83.16
50.4,82.32
53.76,82.32
55.44,82.32
57.12,82.32
57.96,82.32
59.64,82.32
60.48,82.32
63.84,82.32
68.04,82.32
68.88,82.32
73.92,82.32
74.76,82.32
75.6,82.32
76.44,82.32
77.28,82.32
79.8,82.32
80.64,82.32
81.48,82.32
82.32,82.32
84.0,82.32
84.84,82.32
85.68,82.32
88.2,82.32
90.72,82.32
92.4,82.32
94.08,82.32
94.92,82.32
95.76,82.32
97.44,82.32
50.4,81.48
53.76,81.48
55.44,81.48
57.12,81.48
57.96,81.48
59.64,81.48
60.48,81.48
63.84,81.48
68.04,81.48
68.88,81.48
73.92,81.48
74.76,81.48
75.6,81.48
76.44,81.48
77.28,81.48
79.8,81.48
80.64,81.48
81.48,81.48
82.32,81.48
84.0,81.48
84.84,81.48
85.68,81.48
88.2,81.48
90.72,81.48
92.4,81.48
94.08,81.48
94.92,81.48
95.76,81.48
97.44,81.48
50.4,80.64
53.76,80.64
55.44,80.64
57.12,80.64
57.96,80.64
59.64,80.64
60.48,80.64
63.84,80.64
68.04,80.64
68.88,80.64
73.92,80.64
74.76,80.64
75.6,80.64
76.44,80.64
77.28,80.64
79.8,80.64
80.64,80.64
81.48,80.64
82.32,80.64
84.0,80.64
84.84,80.64
85.68,80.64
88.2,80.64
90.72,80.64
92.4,80.64
94.08,80.64
94.92,80.64
95.76,80.64
97.44,80.64
50.4,79.8
53.76,79.8
55.44,79.8
57.12,79.8
57.96,79.8
59.64,79.8
60.48,79.8
63.84,79.8
68.04,79.8
68.88,79.8
73.92,79.8
74.76,79.8
75.6,79.8
76.44,79.8
77.28,79.8
79.8,79.8
80.64,79.8
81.48,79.8
82.32,79.8
84.0,79.8
84.84,79.8
85.68,79.8
88.2,79.8
90.72,79.8
92.4,79.8
94.08,79.8
94.92,79.8
95.76,79.8
97.44,79.8
49.56,78.96
51.24,78.96
52.08,78.96
52.92,78.96
54.6,78.96
56.28,78.96
58.8,78.96
61.32,78.96
62.16,78.96
63.0,78.96
64.68,78.96
65.52,78.96
66.36,78.96
67.2,78.96
69.72,78.96
70.56,78.96
71.4,78.96
72.24,78.96
73.08,78.96
78.12,78.96
78.96,78.96
83.16,78.96
86.52,78.96
87.36,78.96
89.04,78.96
89.88,78.96
91.56,78.96
93.24,78.96
96.6,78.96
49.56,78.12
51.24,78.12
52.08,78.12
52.92,78.12
54.6,78.12
56.28,78.12
58.8,78.12
61.32,78.12
62.16,78.12
63.0,78.12
64.68,78.12
65.52,78.12
66.36,78.12
67.2,78.12
69.72,78.12
70.56,78.12
71.4,78.12
72.24,78.12
73.08,78.12
78.12,78.12
78.96,78.12
83.16,78.12
86.52,78.12
87.36,78.12
89.04,78.12
89.88,78.12
91.56,78.12
93.24,78.12
96.6,78.12
50.4,77.28
53.76,77.28
55.44,77.28
57.12,77.28
57.96,77.28
59.64,77.28
60.48,77.28
63.84,77.28
68.04,77.28
68.88,77.28
73.92,77.28
74.76,77.28
75.6,77.28
76.44,77.28
77.28,77.28
79.8,77.28
80.64,77.28
81.48,77.28
82.32,77.28
84.0,77.28
84.84,77.28
85.68,77.28
88.2,77.28
90.72,77.28
92.4,77.28
94.08,77.28
94.92,77.28
95.76,77.28
97.44,77.28
50.4,76.44
53.76,76.44
55.44,76.44
57.12,76.44
57.96,76.44
59.64,76.44
60.48,76.44
63.84,76.44
68.04,76.44
68.88,76.44
73.92,76.44
74.76,76.44
75.6,76.44
76.44,76.44
77.28,76.44
79.8,76.44
80.64,76.44
81.48,76.44
82.32,76.44
84.0,76.44
84.84,76.44
85.68,76.44
88.2,76.44
90.72,76.44
92.4,76.44
94.08,76.44
94.92,76.44
95.76,76.44
97.44,76.44
50.4,75.6
53.76,75.6
55.44,75.6
57.12,75.6
57.96,75.6
59.64,75.6
60.48,75.6
63.84,75.6
68.04,75.6
68.88,75.6
73.92,75.6
74.76,75.6
75.6,75.6
76.44,75.6
77.28,75.6
79.8,75.6
80.64,75.6
81.48,75.6
82.32,75.6
84.0,75.6
84.84,75.6
85.68,75.6
88.2,75.6
90.72,75.6
92.4,75.6
94.08,75.6
94.92,75.6
95.76,75.6
97.44,75.6
50.4,74.76
53.76,74.76
55.44,74.76
57.12,74.76
57.96,74.76
59.64,74.76
60.48,74.76
63.84,74.76
68.04,74.76
68.88,74.76
73.92,74.76
74.76,74.76
75.6,74.76
76.44,74.76
77.28,74.76
79.8,74.76
80.64,74.76
81.48,74.76
82.32,74.76
84.0,74.76
84.84,74.76
85.68,74.76
88.2,74.76
90.72,74.76
92.4,74.76
94.08,74.76
94.92,74.76
95.76,74.76
97.44,74.76
50.4,73.92
53.76,73.92
55.44,73.92
57.12,73.92
57.96,73.92
59.64,73.92
60.48,73.92
63.84,73.92
68.04,73.92
68.88,73.92
73.92,73.92
74.76,73.92
75.6,73.92
76.44,73.92
77.28,73.92
79.8,73.92
80.64,73.92
81.48,73.92
82.32,73.92
84.0,73.92
84.84,73.92
85.68,73.92
88.2,73.92
90.72,73.92
92.4,73.92
94.08,73.92
94.92,73.92
95.76,73.92
97.44,73.92
49.56,73.08
51.24,73.08
52.08,73.08
52.92,73.08
54.6,73.08
56.28,73.08
58.8,73.08
61.32,73.08
62.16,73.08
63.0,73.08
64.68,73.08
65.52,73.08
66.36,73.08
67.2,73.08
69.72,73.08
70.56,73.08
71.4,73.08
72.24,73.08
73.08,73.08
78.12,73.08
78.96,73.08
83.16,73.08
86.52,73.08
87.36,73.08
89.04,73.08
89.88,73.08
91.56,73.08
93.24,73.08
96.6,73.08
49.56,72.24
51.24,72.24
52.08,72.24
52.92,72.24
54.6,72.24
56.28,72.24
58.8,72.24
61.32,72.24
62.16,72.24
63.0,72.24
64.68,72.24
65.52,72.24
66.36,72.24
67.2,72.24
69.72,72.24
70.56,72.24
71.4,72.24
72.24,72.24
73.08,72.24
78.12,72.24
78.96,72.24
83.16,72.24
86.52,72.24
87.36,72.24
89.04,72.24
89.88,72.24
91.56,72.24
93.24,72.24
96.6,72.24
49.56,71.4
51.24,71.4
52.08,71.4
52.92,71.4
54.6,71.4
56.28,71.4
58.8,71.4
61.32,71.4
62.16,71.4
63.0,71.4
64.68,71.4
65.52,71.4
66.36,71.4
67.2,71.4
69.72,71.4
70.56,71.4
71.4,71.4
72.24,71.4
73.08,71.4
78.12,71.4
78.96,71.4
83.16,71.4
86.52,71.4
87.36,71.4
89.04,71.4
89.88,71.4
91.56,71.4
93.24,71.4
96.6,71.4
49.56,70.56
51.24,70.56
52.08,70.56
52.92,70.56
54.6,70.56
56.28,70.56
58.8,70.56
61.32,70.56
62.16,70.56
63.0,70.56
64.68,70.56
65.52,70.56
66.36,70.56
67.2,70.56
69.72,70.56
70.56,70.56
71.4,70.56
72.24,70.56
73.08,70.56
78.12,70.56
78.96,70.56
83.16,70.56
86.52,70.56
87.36,70.56
89.04,70.56
89.88,70.56
91.56,70.56
93.24,70.56
96.6,70.56
49.56,69.72
51.24,69.72
52.08,69.72
52.92,69.72
54.6,69.72
56.28,69.72
58.8,69.72
61.32,69.72
62.16,69.72
63.0,69.72
64.68,69.72
65.52,69.72
66.36,69.72
67.2,69.72
69.72,69.72
70.56,69.72
71.4,69.72
72.24,69.72
73.08,69.72
78.12,69.72
78.96,69.72
83.16,69.72
86.52,69.72
87.36,69.72
89.04,69.72
89.88,69.72
91.56,69.72
93.24,69.72
96.6,69.72
50.4,68.88
53.76,68.88
55.44,68.88
57.12,68.88
57.96,68.88
59.64,68.88
60.48,68.88
63.84,68.88
68.04,68.88
68.88,68.88
73.92,68.88
74.76,68.88
75.6,68.88
76.44,68.88
77.28,68.88
79.8,68.88
80.64,68.88
81.48,68.88
82.32,68.88
84.0,68.88
84.84,68.88
85.68,68.88
88.2,68.88
90.72,68.88
92.4,68.88
94.08,68.88
94.92,68.88
95.76,68.88
97.44,68.88
50.4,68.04
53.76,68.04
55.44,68.04
57.12,68.04
57.96,68.04
59.64,68.04
60.48,68.04
63.84,68.04
68.04,68.04
68.88,68.04
73.92,68.04
74.76,68.04
75.6,68.04
76.44,68.04
77.28,68.04
79.8,68.04
80.64,68.04
81.48,68.04
82.32,68.04
84.0,68.04
84.84,68.04
85.68,68.04
88.2,68.04
90.72,68.04
92.4,68.04
94.08,68.04
94.92,68.04
95.76,68.04
97.44,68.04
49.56,67.2
51.24,67.2
52.08,67.2
52.92,67.2
54.6,67.2
56.28,67.2
58.8,67.2
61.32,67.2
62.16,67.2
63.0,67.2
64.68,67.2
65.52,67.2
66.36,67.2
67.2,67.2
69.72,67.2
70.56,67.2
71.4,67.2
72.24,67.2
73.08,67.2
78.12,67.2
78.96,67.2
83.16,67.2
86.52,67.2
87.36,67.2
89.04,67.2
89.88,67.2
91.56,67.2
93.24,67.2
96.6,67.2
49.56,66.36
51.24,66.36
52.08,66.36
52.92,66.36
54.6,66.36
56.28,66.36
58.8,66.36
61.32,66.36
62.16,66.36
63.0,66.36
64.68,66.36
65.52,66.36
66.36,66.36
67.2,66.36
69.72,66.36
70.56,66.36
71.4,66.36
72.24,66.36
73.08,66.36
78.12,66.36
78.96,66.36
83.16,66.36
86.52,66.36
87.36,66.36
89.04,66.36
89.88,66.36
91.56,66.36
93.24,66.36
96.6,66.36
49.56,65.52
51.24,65.52
52.08,65.52
52.92,65.52
54.6,65.52
56.28,65.52
58.8,65.52
61.32,65.52
62.16,65.52
63.0,65.52
64.68,65.52
65.52,65.52
66.36,65.52
67.2,65.52
69.72,65.52
70.56,65.52
71.4,65.52
72.24,65.52
73.08,65.52
78.12,65.52
78.96,65.52
83.16,65.52
86.52,65.52
87.36,65.52
89.04,65.52
89.88,65.52
91.56,65.52
93.24,65.52
96.6,65.52
49.56,64.68
51.24,64.68
52.08,64.68
52.92,64.68
54.6,64.68
56.28,64.68
58.8,64.68
61.32,64.68
62.16,64.68
63.0,64.68
64.68,64.68
65.52,64.68
66.36,64.68
67.2,64.68
69.72,64.68
70.56,64.68
71.4,64.68
72.24,64.68
73.08,64.68
78.12,64.68
78.96,64.68
83.16,64.68
86.52,64.68
87.36,64.68
89.04,64.68
89.88,64.68
91.56,64.68
93.24,64.68
96.6,64.68
50.4,63.84
53.76,63.84
55.44,63.84
57.12,63.84
57.96,63.84
59.64,63.84
60.48,63.84
63.84,63.84
68.04,63.84
68.88,63.84
73.92,63.84
74.76,63.84
75.6,63.84
76.44,63.84
77.28,63.84
79.8,63.84
80.64,63.84
81.48,63.84
82.32,63.84
84.0,63.84
84.84,63.84
85.68,63.84
88.2,63.84
90.72,63.84
92.4,63.84
94.08,63.84
94.92,63.84
95.76,63.84
97.44,63.84
49.56,63.0
51.24,63.0
52.08,63.0
52.92,63.0
54.6,63.0
56.28,63.0
58.8,63.0
61.32,63.0
62.16,63.0
63.0,63.0
64.68,63.0
65.52,63.0
66.36,63.0
67.2,63.0
69.72,63.0
70.56,63.0
71.4,63.0
72.24,63.0
73.08,63.0
78.12,63.0
78.96,63.0
83.16,63.0
86.52,63.0
87.36,63.0
89.04,63.0
89.88,63.0
91.56,63.0
93.24,63.0
96.6,63.0
49.56,62.16
51.24,62.16
52.08,62.16
52.92,62.16
54.6,62.16
56.28,62.16
58.8,62.16
61.32,62.16
62.16,62.16
63.0,62.16
64.68,62.16
65.52,62.16
66.36,62.16
67.2,62.16
69.72,62.16
70.56,62.16
71.4,62.16
72.24,62.16
73.08,62.16
78.12,62.16
78.96,62.16
83.16,62.16
86.52,62.16
87.36,62.16
89.04,62.16
89.88,62.16
91.56,62.16
93.24,62.16
96.6,62.16
49.56,61.32
51.24,61.32
52.08,61.32
52.92,61.32
54.6,61.32
56.28,61.32
58.8,61.32
61.32,61.32
62.16,61.32
63.0,61.32
64.68,61.32
65.52,61.32
66.36,61.32
67.2,61.32
69.72,61.32
70.56,61.32
71.4,61.32
72.24,61.32
73.08,61.32
78.12,61.32
78.96,61.32
83.16,61.32
86.52,61.32
87.36,61.32
89.04,61.32
89.88,61.32
91.56,61.32
93.24,61.32
96.6,61.32
50.4,60.48
53.76,60.48
55.44,60.48
57.12,60.48
57.96,60.48
59.64,60.48
60.48,60.48
63.84,60.48
68.04,60.48
68.88,60.48
73.92,60.48
74.76,60.48
75.6,60.48
76.44,60.48
77.28,60.48
79.8,60.48
80.64,60.48
81.48,60.48
82.32,60.48
84.0,60.48
84.84,60.48
85.68,60.48
88.2,60.48
90.72,60.48
92.4,60.48
94.08,60.48
94.92,60.48
95.76,60.48
97.44,60.48
50.4,59.64
53.76,59.64
55.44,59.64
57.12,59.64
57.96,59.64
59.64,59.64
60.48,59.64
63.84,59.64
68.04,59.64
68.88,59.64
73.92,59.64
74.76,59.64
75.6,59.64
76.44,59.64
77.28,59.64
79.8,59.64
80.64,59.64
81.48,59.64
82.32,59.64
84.0,59.64
84.84,59.64
85.68,59.64
88.2,59.64
90.72,59.64
92.4,59.64
94.08,59.64
94.92,59.64
95.76,59.64
97.44,59.64
49.56,58.8
51.24,58.8
52.08,58.8
52.92,58.8
54.6,58.8
56.28,58.8
58.8,58.8
61.32,58.8
62.16,58.8
63.0,58.8
64.68,58.8
65.52,58.8
66.36,58.8
67.2,58.8
69.72,58.8
70.56,58.8
71.4,58.8
72.24,58.8
73.08,58.8
78.12,58.8
78.96,58.8
83.16,58.8
86.52,58.8
87.36,58.8
89.04,58.8
89.88,58.8
91.56,58.8
93.24,58.8
96.6,58.8
50.4,57.96
53.76,57.96
55.44,57.96
57.12,57.96
57.96,57.96
59.64,57.96
60.48,57.96
63.84,57.96
68.04,57.96
68.88,57.96
73.92,57.96
74.76,57.96
75.6,57.96
76.44,57.96
77.28,57.96
79.8,57.96
80.64,57.96
81.48,57.96
82.32,57.96
84.0,57.96
84.84,57.96
85.68,57.96
88.2,57.96
90.72,57.96
92.4,57.96
94.08,57.96
94.92,57.96
95.76,57.96
97.44,57.96
50.4,57.12
53.76,57.12
55.44,57.12
57.12,57.12
57.96,57.12
59.64,57.12
60.48,57.12
63.84,57.12
68.04,57.12
68.88,57.12
73.92,57.12
74.76,57.12
75.6,57.12
76.44,57.12
77.28,57.12
79.8,57.12
80.64,57.12
81.48,57.12
82.32,57.12
84.0,57.12
84.84,57.12
85.68,57.12
88.2,57.12
90.72,57.12
92.4,57.12
94.08,57.12
94.92,57.12
95.76,57.12
97.44,57.12
49.56,56.28
51.24,56.28
52.08,56.28
52.92,56.28
54.6,56.28
56.28,56.28
58.8,56.28
61.32,56.28
62.16,56.28
63.0,56.28
64.68,56.28
65.52,56.28
66.36,56.28
67.2,56.28
69.72,56.28
70.56,56.28
71.4,56.28
72.24,56.28
73.08,56.28
78.12,56.28
78.96,56.28
83.16,56.28
86.52,56.28
87.36,56.28
89.04,56.28
89.88,56.28
91.56,56.28
93.24,56.28
96.6,56.28
50.4,55.44
53.76,55.44
55.44,55.44
57.12,55.44
57.96,55.44
59.64,55.44
60.48,55.44
63.84,55.44
68.04,55.44
68.88,55.44
73.92,55.44
74.76,55.44
75.6,55.44
76.44,55.44
77.28,55.44
79.8,55.44
80.64,55.44
81.48,55.44
82.32,55.44
84.0,55.44
84.84,55.44
85.68,55.44
88.2,55.44
90.72,55.44
92.4,55.44
94.08,55.44
94.92,55.44
95.76,55.44
97.44,55.44
49.56,54.6
51.24,54.6
52.08,54.6
52.92,54.6
54.6,54.6
56.28,54.6
58.8,54.6
61.32,54.6
62.16,54.6
63.0,54.6
64.68,54.6
65.52,54.6
66.36,54.6
67.2,54.6
69.72,54.6
70.56,54.6
71.4,54.6
72.24,54.6
73.08,54.6
78.12,54.6
78.96,54.6
83.16,54.6
86.52,54.6
87.36,54.6
89.04,54.6
89.88,54.6
91.56,54.6
93.24,54.6
96.6,54.6
50.4,53.76
53.76,53.76
55.44,53.76
57.12,53.76
57.96,53.76
59.64,53.76
60.48,53.76
63.84,53.76
68.04,53.76
68.88,53.76
73.92,53.76
74.76,53.76
75.6,53.76
76.44,53.76
77.28,53.76
79.8,53.76
80.64,53.76
81.48,53.76
82.32,53.76
84.0,53.76
84.84,53.76
85.68,53.76
88.2,53.76
90.72,53.76
92.4,53.76
94.08,53.76
94.92,53.76
95.76,53.76
97.44,53.76
49.56,52.92
51.24,52.92
52.08,52.92
52.92,52.92
54.6,52.92
56.28,52.92
58.8,52.92
61.32,52.92
62.16,52.92
63.0,52.92
64.68,52.92
65.52,52.92
66.36,52.92
67.2,52.92
69.72,52.92
70.56,52.92
71.4,52.92
72.24,52.92
73.08,52.92
78.12,52.92
78.96,52.92
83.16,52.92
86.52,52.92
87.36,52.92
89.04,52.92
89.88,52.92
91.56,52.92
93.24,52.92
96.6,52.92
49.56,52.08
51.24,52.08
52.08,52.08
52.92,52.08
54.6,52.08
56.28,52.08
58.8,52.08
61.32,52.08
62.16,52.08
63.0,52.08
64.68,52.08
65.52,52.08
66.36,52.08
67.2,52.08
69.72,52.08
70.56,52.08
71.4,52.08
72.24,52.08
73.08,52.08
78.12,52.08
78.96,52.08
83.16,52.08
86.52,52.08
87.36,52.08
89.04,52.08
89.88,52.08
91.56,52.08
93.24,52.08
96.6,52.08
49.56,51.24
51.24,51.24
52.08,51.24
52.92,51.24
54.6,51.24
56.28,51.24
58.8,51.24
61.32,51.24
62.16,51.24
63.0,51.24
64.68,51.24
65.52,51.24
66.36,51.24
67.2,51.24
69.72,51.24
70.56,51.24
71.4,51.24
72.24,51.24
73.08,51.24
78.12,51.24
78.96,51.24
83.16,51.24
86.52,51.24
87.36,51.24
89.04,51.24
89.88,51.24
91.56,51.24
93.24,51.24
96.6,51.24
50.4,50.4
53.76,50.4
55.44,50.4
57.12,50.4
57.96,50.4
59.64,50.4
60.48,50.4
63.84,50.4
68.04,50.4
68.88,50.4
73.92,50.4
74.76,50.4
75.6,50.4
76.44,50.4
77.28,50.4
79.8,50.4
80.64,50.4
81.48,50.4
82.32,50.4
84.0,50.4
84.84,50.4
85.68,50.4
88.2,50.4
90.72,50.4
92.4,50.4
94.08,50.4
94.92,50.4
95.76,50.4
97.44,50.4
49.56,49.56
51.24,49.56
52.08,49.56
52.92,49.56
54.6,49.56
56.28,49.56
58.8,49.56
61.32,49.56
62.16,49.56
63.0,49.56
64.68,49.56
65.52,49.56
66.36,49.56
67.2,49.56
69.72,49.56
70.56,49.56
71.4,49.56
72.24,49.56
73.08,49.56
78.12,49.56
78.96,49.56
83.16,49.56
86.52,49.56
87.36,49.56
89.04,49.56
89.88,49.56
91.56,49.56
93.24,49.56
96.6,49.56
0.0,48.72
0.84,48.72
1.68,48.72
2.52,48.72
3.36,48.72
4.2,48.72
5.04,48.72
5.88,48.72
6.72,48.72
7.56,48.72
8.4,48.72
9.24,48.72
10.08,48.72
10.92,48.72
11.76,48.72
12.6,48.72
13.44,48.72
14.28,48.72
15.12,48.72
15.96,48.72
16.8,48.72
17.64,48.72
18.48,48.72
19.32,48.72
20.16,48.72
21.0,48.72
21.84,48.72
22.68,48.72
23.52,48.72
24.36,48.72
25.2,48.72
26.04,48.72
26.88,48.72
27.72,48.72
28.56,48.72
29.4,48.72
30.24,48.72
31.08,48.72
31.92,48.72
32.76,48.72
33.6,48.72
34.44,48.72
35.28,48.72
36.12,48.72
36.96,48.72
37.8,48.72
38.64,48.72
39.48,48.72
40.32,48.72
41.16,48.72
42.0,48.72
42.84,48.72
43.68,48.72
44.52,48.72
45.36,48.72
46.2,48.72
47.04,48.72
47.88,48.72
0.84,47.88
4.2,47.88
5.88,47.88
7.56,47.88
8.4,47.88
10.08,47.88
10.92,47.88
14.28,47.88
18.48,47.88
19.32,47.88
24.36,47.88
25.2,47.88
26.04,47.88
26.88,47.88
27.72,47.88
30.24,47.88
31.08,47.88
31.92,47.88
32.76,47.88
34.44,47.88
35.28,47.88
36.12,47.88
38.64,47.88
41.16,47.88
42.84,47.88
44.52,47.88
45.36,47.88
46.2,47.88
47.88,47.88
0.0,47.04
1.68,47.04
2.52,47.04
3.36,47.04
5.04,47.04
6.72,47.04
9.24,47.04
11.76,47.04
12.6,47.04
13.44,47.04
15.12,47.04
15.96,47.04
16.8,47.04
17.64,47.04
20.16,47.04
21.0,47.04
21.84,47.04
22.68,47.04
23.52,47.04
28.56,47.04
29.4,47.04
33.6,47.04
36.96,47.04
37.8,47.04
39.48,47.04
40.32,47.04
42.0,47.04
43.68,47.04
47.04,47.04
0.84,46.2
4.2,46.2
5.88,46.2
7.56,46.2
8.4,46.2
10.08,46.2
10.92,46.2
14.28,46.2
18.48,46.2
19.32,46.2
24.36,46.2
25.2,46.2
26.04,46.2
26.88,46.2
27.72,46.2
30.24,46.2
31.08,46.2
31.92,46.2
32.76,46.2
34.44,46.2
35.28,46.2
36.12,46.2
38.64,46.2
41.16,46.2
42.84,46.2
44.52,46.2
45.36,46.2
46.2,46.2
47.88,46.2
0.84,45.36
4.2,45.36
5.88,45.36
7.56,45.36
8.4,45.36
10.08,45.36
10.92,45.36
14.28,45.36
18.48,45.36
19.32,45.36
24.36,45.36
25.2,45.36
26.04,45.36
26.88,45.36
27.72,45.36
30.24,45.36
31.08,45.36
31.92,45.36
32.76,45.36
34.44,45.36
35.28,45.36
36.12,45.36
38.64,45.36
41.16,45.36
42.84,45.36
44.52,45.36
45.36,45.36
46.2,45.36
47.88,45.36
0.84,44.52
4.2,44.52
5.88,44.52
7.56,44.52
8.4,44.52
10.08,44.52
10.92,44.52
14.28,44.52
18.48,44.52
19.32,44.52
24.36,44.52
25.2,44.52
26.04,44.52
26.88,44.52
27.72,44.52
30.24,44.52
31.08,44.52
31.92,44.52
32.76,44.52
34.44,44.52
35.28,44.52
36.12,44.52
38.64,44.52
41.16,44.52
42.84,44.52
44.52,44.52
45.36,44.52
46.2,44.52
47.88,44.52
0.0,43.68
1.68,43.68
2.52,43.68
3.36,43.68
5.04,43.68
6.72,43.68
9.24,43.68
11.76,43.68
12.6,43.68
13.44,43.68
15.12,43.68
15.96,43.68
16.8,43.68
17.64,43.68
20.16,43.68
21.0,43.68
21.84,43.68
22.68,43.68
23.52,43.68
28.56,43.68
29.4,43.68
33.6,43.68
36.96,43.68
37.8,43.68
39.48,43.68
40.32,43.68
42.0,43.68
43.68,43.68
47.04,43.68
0.84,42.84
4.2,42.84
5.88,42.84
7.56,42.84
8.4,42.84
10.08,42.84
10.92,42.84
14.28,42.84
18.48,42.84
19.32,42.84
24.36,42.84
25.2,42.84
26.04,42.84
26.88,42.84
27.72,42.84
30.24,42.84
31.08,42.84
31.92,42.84
32.76,42.84
34.44,42.84
35.28,42.84
36.12,42.84
38.64,42.84
41.16,42.84
42.84,42.84
44.52,42.84
45.36,42.84
46.2,42.84
47.88,42.84
0.0,42.0
1.68,42.0
2.52,42.0
3.36,42.0
5.04,42.0
6.72,42.0
9.24,42.0
11.76,42.0
12.6,42.0
13.44,42.0
15.12,42.0
15.96,42.0
16.8,42.0
17.64,42.0
20.16,42.0
21.0,42.0
21.84,42.0
22.68,42.0
23.52,42.0
28.56,42.0
29.4,42.0
33.6,42.0
36.96,42.0
37.8,42.0
39.48,42.0
40.32,42.0
42.0,42.0
43.68,42.0
47.04,42.0
0.84,41.16
4.2,41.16
5.88,41.16
7.56,41.16
8.4,41.16
10.08,41.16
10.92,41.16
14.28,41.16
18.48,41.16
19.32,41.16
24.36,41.16
25.2,41.16
26.04,41.16
26.88,41.16
27.72,41.16
30.24,41.16
31.08,41.16
31.92,41.16
32.76,41.16
34.44,41.16
35.28,41.16
36.12,41.16
38.64,41.16
41.16,41.16
42.84,41.16
44.52,41.16
45.36,41.16
46.2,41.16
47.88,41.16
0.0,40.32
1.68,40.32
2.52,40.32
3.36,40.32
5.04,40.32
6.72,40.32
9.24,40.32
11.76,40.32
12.6,40.32
13.44,40.32
15.12,40.32
15.96,40.32
16.8,40.32
17.64,40.32
20.16,40.32
21.0,40.32
21.84,40.32
22.68,40.32
23.52,40.32
28.56,40.32
29.4,40.32
33.6,40.32
36.96,40.32
37.8,40.32
39.48,40.32
40.32,40.32
42.0,40.32
43.68,40.32
47.04,40.32
0.0,39.48
1.68,39.48
2.52,39.48
3.36,39.48
5.04,39.48
6.72,39.48
9.24,39.48
11.76,39.48
12.6,39.48
13.44,39.48
15.12,39.48
15.96,39.48
16.8,39.48
17.64,39.48
20.16,39.48
21.0,39.48
21.84,39.48
22.68,39.48
23.52,39.48
28.56,39.48
29.4,39.48
33.6,39.48
36.96,39.48
37.8,39.48
39.48,39.48
40.32,39.48
42.0,39.48
43.68,39.48
47.04,39.48
0.84,38.64
4.2,38.64
5.88,38.64
7.56,38.64
8.4,38.64
10.08,38.64
10.92,38.64
14.28,38.64
18.48,38.64
19.32,38.64
24.36,38.64
25.2,38.64
26.04,38.64
26.88,38.64
27.72,38.64
30.24,38.64
31.08,38.64
31.92,38.64
32.76,38.64
34.44,38.64
35.28,38.64
36.12,38.64
38.64,38.64
41.16,38.64
42.84,38.64
44.52,38.64
45.36,38.64
46.2,38.64
47.88,38.64
0.0,37.8
1.68,37.8
2.52,37.8
3.36,37.8
5.04,37.8
6.72,37.8
9.24,37.8
11.76,37.8
12.6,37.8
13.44,37.8
15.12,37.8
15.96,37.8
16.8,37.8
17.64,37.8
20.16,37.8
21.0,37.8
21.84,37.8
22.68,37.8
23.52,37.8
28.56,37.8
29.4,37.8
33.6,37.8
36.96,37.8
37.8,37.8
39.48,37.8
40.32,37.8
42.0,37.8
43.68,37.8
47.04,37.8
0.0,36.96
1.68,36.96
2.52,36.96
3.36,36.96
5.04,36.96
6.72,36.96
9.24,36.96
11.76,36.96
12.6,36.96
13.44,36.96
15.12,36.96
15.96,36.96
16.8,36.96
17.64,36.96
20.16,36.96
21.0,36.96
21.84,36.96
22.68,36.96
23.52,36.96
28.56,36.96
29.4,36.96
33.6,36.96
36.96,36.96
37.8,36.96
39.48,36.96
40.32,36.96
42.0,36.96
43.68,36.96
47.04,36.96
0.84,36.12
4.2,36.12
5.88,36.12
7.56,36.12
8.4,36.12
10.08,36.12
10.92,36.12
14.28,36.12
18.48,36.12
19.32,36.12
24.36,36.12
25.2,36.12
26.04,36.12
26.88,36.12
27.72,36.12
30.24,36.12
31.08,36.12
31.92,36.12
32.76,36.12
34.44,36.12
35.28,36.12
36.12,36.12
38.64,36.12
41.16,36.12
42.84,36.12
44.52,36.12
45.36,36.12
46.2,36.12
47.88,36.12
0.84,35.28
4.2,35.28
5.88,35.28
7.56,35.28
8.4,35.28
10.08,35.28
10.92,35.28
14.28,35.28
18.48,35.28
19.32,35.28
24.36,35.28
25.2,35.28
26.04,35.28
26.88,35.28
27.72,35.28
30.24,35.28
31.08,35.28
31.92,35.28
32.76,35.28
34.44,35.28
35.28,35.28
36.12,35.28
38.64,35.28
41.16,35.28
42.84,35.28
44.52,35.28
45.36,35.28
46.2,35.28
47.88,35.28
0.84,34.44
4.2,34.44
5.88,34.44
7.56,34.44
8.4,34.44
10.08,34.44
10.92,34.44
14.28,34.44
18.48,34.44
19.32,34.44
24.36,34.44
25.2,34.44
26.04,34.44
26.88,34.44
27.72,34.44
30.24,34.44
31.08,34.44
31.92,34.44
32.76,34.44
34.44,34.44
35.28,34.44
36.12,34.44
38.64,34.44
41.16,34.44
42.84,34.44
44.52,34.44
45.36,34.44
46.2,34.44
47.88,34.44
0.0,33.6
1.68,33.6
2.52,33.6
3.36,33.6
5.04,33.6
6.72,33.6
9.24,33.6
11.76,33.6
12.6,33.6
13.44,33.6
15.12,33.6
15.96,33.6
16.8,33.6
17.64,33.6
20.16,33.6
21.0,33.6
21.84,33.6
22.68,33.6
23.52,33.6
28.56,33.6
29.4,33.6
33.6,33.6
36.96,33.6
37.8,33.6
39.48,33.6
40.32,33.6
42.0,33.6
43.68,33.6
47.04,33.6
0.84,32.76
4.2,32.76
5.88,32.76
7.56,32.76
8.4,32.76
10.08,32.76
10.92,32.76
14.28,32.76
18.48,32.76
19.32,32.76
24.36,32.76
25.2,32.76
26.04,32.76
26.88,32.76
27.72,32.76
30.24,32.76
31.08,32.76
31.92,32.76
32.76,32.76
34.44,32.76
35.28,32.76
36.12,32.76
38.64,32.76
41.16,32.76
42.84,32.76
44.52,32.76
45.36,32.76
46.2,32.76
47.88,32.76
0.84,31.92
4.2,31.92
5.88,31.92
7.56,31.92
8.4,31.92
10.08,31.92
10.92,31.92
14.28,31.92
18.48,31.92
19.32,31.92
24.36,31.92
25.2,31.92
26.04,31.92
26.88,31.92
27.72,31.92
30.24,31.92
31.08,31.92
31.92,31.92
32.76,31.92
34.44,31.92
35.28,31.92
36.12,31.92
38.64,31.92
41.16,31.92
42.84,31.92
44.52,31.92
45.36,31.92
46.2,31.92
47.88,31.92
0.84,31.08
4.2,31.08
5.88,31.08
7.56,31.08
8.4,31.08
10.08,31.08
10.92,31.08
14.28,31.08
18.48,31.08
19.32,31.08
24.36,31.08
25.2,31.08
26.04,31.08
26.88,31.08
27.72,31.08
30.24,31.08
31.08,31.08
31.92,31.08
32.76,31.08
34.44,31.08
35.28,31.08
36.12,31.08
38.64,31.08
41.16,31.08
42.84,31.08
44.52,31.08
45.36,31.08
46.2,31.08
47.88,31.08
0.84,30.24
4.2,30.24
5.88,30.24
7.56,30.24
8.4,30.24
10.08,30.24
10.92,30.24
14.28,30.24
18.48,30.24
19.32,30.24
24.36,30.24
25.2,30.24
26.04,30.24
26.88,30.24
27.72,30.24
30.24,30.24
31.08,30.24
31.92,30.24
32.76,30.24
34.44,30.24
35.28,30.24
36.12,30.24
38.64,30.24
41.16,30.24
42.84,30.24
44.52,30.24
45.36,30.24
46.2,30.24
47.88,30.24
0.0,29.4
1.68,29.4
2.52,29.4
3.36,29.4
5.04,29.4
6.72,29.4
9.24,29.4
11.76,29.4
12.6,29.4
13.44,29.4
15.12,29.4
15.96,29.4
16.8,29.4
17.64,29.4
20.16,29.4
21.0,29.4
21.84,29.4
22.68,29.4
23.52,29.4
28.56,29.4
29.4,29.4
33.6,29.4
36.96,29.4
37.8,29.4
39.48,29.4
40.32,29.4
42.0,29.4
43.68,29.4
47.04,29.4
0.0,28.56
1.68,28.56
2.52,28.56
3.36,28.56
5.04,28.56
6.72,28.56
9.24,28.56
11.76,28.56
12.6,28.56
13.44,28.56
15.12,28.56
15.96,28.56
16.8,28.56
17.64,28.56
20.16,28.56
21.0,28.56
21.84,28.56
22.68,28.56
23.52,28.56
28.56,28.56
29.4,28.56
33.6,28.56
36.96,28.56
37.8,28.56
39.48,28.56
40.32,28.56
42.0,28.56
43.68,28.56
47.04,28.56
0.84,27.72
4.2,27.72
5.88,27.72
7.56,27.72
8.4,27.72
10.08,27.72
10.92,27.72
14.28,27.72
18.48,27.72
19.32,27.72
24.36,27.72
25.2,27.72
26.04,27.72
26.88,27.72
27.72,27.72
30.24,27.72
31.08,27.72
31.92,27.72
32.76,27.72
34.44,27.72
35.28,27.72
36.12,27.72
38.64,27.72
41.16,27.72
42.84,27.72
44.52,27.72
45.36,27.72
46.2,27.72
47.88,27.72
0.84,26.88
4.2,26.88
5.88,26.88
7.56,26.88
8.4,26.88
10.08,26.88
10.92,26.88
14.28,26.88
18.48,26.88
19.32,26.88
24.36,26.88
25.2,26.88
26.04,26.88
26.88,26.88
27.72,26.88
30.24,26.88
31.08,26.88
31.92,26.88
32.76,26.88
34.44,26.88
35.28,26.88
36.12,26.88
38.64,26.88
41.16,26.88
42.84,26.88
44.52,26.88
45.36,26.88
46.2,26.88
47.88,26.88
0.84,26.04
4.2,26.04
5.88,26.04
7.56,26.04
8.4,26.04
10.08,26.04
10.92,26.04
14.28,26.04
18.48,26.04
19.32,26.04
24.36,26.04
25.2,26.04
26.04,26.04
26.88,26.04
27.72,26.04
30.24,26.04
31.08,26.04
31.92,26.04
32.76,26.04
34.44,26.04
35.28,26.04
36.12,26.04
38.64,26.04
41.16,26.04
42.84,26.04
44.52,26.04
45.36,26.04
46.2,26.04
47.88,26.04
0.84,25.2
4.2,25.2
5.88,25.2
7.56,25.2
8.4,25.2
10.08,25.2
10.92,25.2
14.28,25.2
18.48,25.2
19.32,25.2
24.36,25.2
25.2,25.2
26.04,25.2
26.88,25.2
27.72,25.2
30.24,25.2
31.08,25.2
31.92,25.2
32.76,25.2
34.44,25.2
35.28,25.2
36.12,25.2
38.64,25.2
41.16,25.2
42.84,25.2
44.52,25.2
45.36,25.2
46.2,25.2
47.88,25.2
0.84,24.36
4.2,24.36
5.88,24.36
7.56,24.36
8.4,24.36
10.08,24.36
10.92,24.36
14.28,24.36
18.48,24.36
19.32,24.36
24.36,24.36
25.2,24.36
26.04,24.36
26.88,24.36
27.72,24.36
30.24,24.36
31.08,24.36
31.92,24.36
32.76,24.36
34.44,24.36
35.28,24.36
36.12,24.36
38.64,24.36
41.16,24.36
42.84,24.36
44.52,24.36
45.36,24.36
46.2,24.36
47.88,24.36
0.0,23.52
1.68,23.52
2.52,23.52
3.36,23.52
5.04,23.52
6.72,23.52
9.24,23.52
11.76,23.52
12.6,23.52
13.44,23.52
15.12,23.52
15.96,23.52
16.8,23.52
17.64,23.52
20.16,23.52
21.0,23.52
21.84,23.52
22.68,23.52
23.52,23.52
28.56,23.52
29.4,23.52
33.6,23.52
36.96,23.52
37.8,23.52
39.48,23.52
40.32,23.52
42.0,23.52
43.68,23.52
47.04,23.52
0.0,22.68
1.68,22.68
2.52,22.68
3.36,22.68
5.04,22.68
6.72,22.68
9.24,22.68
11.76,22.68
12.6,22.68
13.44,22.68
15.12,22.68
15.96,22.68
16.8,22.68
17.64,22.68
20.16,22.68
21.0,22.68
21.84,22.68
22.68,22.68
23.52,22.68
28.56,22.68
29.4,22.68
33.6,22.68
36.96,22.68
37.8,22.68
39.48,22.68
40.32,22.68
42.0,22.68
43.68,22.68
47.04,22.68
0.0,21.84
1.68,21.84
2.52,21.84
3.36,21.84
5.04,21.84
6.72,21.84
9.24,21.84
11.76,21.84
12.6,21.84
13.44,21.84
15.12,21.84
15.96,21.84
16.8,21.84
17.64,21.84
20.16,21.84
21.0,21.84
21.84,21.84
22.68,21.84
23.52,21.84
28.56,21.84
29.4,21.84
33.6,21.84
36.96,21.84
37.8,21.84
39.48,21.84
40.32,21.84
42.0,21.84
43.68,21.84
47.04,21.84
0.0,21.0
1.68,21.0
2.52,21.0
3.36,21.0
5.04,21.0
6.72,21.0
9.24,21.0
11.76,21.0
12.6,21.0
13.44,21.0
15.12,21.0
15.96,21.0
16.8,21.0
17.64,21.0
20.16,21.0
21.0,21.0
21.84,21.0
22.68,21.0
23.52,21.0
28.56,21.0
29.4,21.0
33.6,21.0
36.96,21.0
37.8,21.0
39.48,21.0
40.32,21.0
42.0,21.0
43.68,21.0
47.04,21.0
0.0,20.16
1.68,20.16
2.52,20.16
3.36,20.16
5.04,20.16
6.72,20.16
9.24,20.16
11.76,20.16
12.6,20.16
13.44,20.16
15.12,20.16
15.96,20.16
16.8,20.16
17.64,20.16
20.16,20.16
21.0,20.16
21.84,20.16
22.68,20.16
23.52,20.16
28.56,20.16
29.4,20.16
33.6,20.16
36.96,20.16
37.8,20.16
39.48,20.16
40.32,20.16
42.0,20.16
43.68,20.16
47.04,20.16
0.84,19.32
4.2,19.32
5.88,19.32
7.56,19.32
8.4,19.32
10.08,19.32
10.92,19.32
14.28,19.32
18.48,19.32
19.32,19.32
24.36,19.32
25.2,19.32
26.04,19.32
26.88,19.32
27.72,19.32
30.24,19.32
31.08,19.32
31.92,19.32
32.76,19.32
34.44,19.32
35.28,19.32
36.12,19.32
38.64,19.32
41.16,19.32
42.84,19.32
44.52,19.32
45.36,19.32
46.2,19.32
47.88,19.32
0.84,18.48
4.2,18.48
5.88,18.48
7.56,18.48
8.4,18.48
10.08,18.48
10.92,18.48
14.28,18.48
18.48,18.48
19.32,18.48
24.36,18.48
25.2,18.48
26.04,18.48
26.88,18.48
27.72,18.48
30.24,18.48
31.08,18.48
31.92,18.48
32.76,18.48
34.44,18.48
35.28,18.48
36.12,18.48
38.64,18.48
41.16,18.48
42.84,18.48
44.52,18.48
45.36,18.48
46.2,18.48
47.88,18.48
0.0,17.64
1.68,17.64
2.52,17.64
3.36,17.64
5.04,17.64
6.72,17.64
9.24,17.64
11.76,17.64
12.6,17.64
13.44,17.64
15.12,17.64
15.96,17.64
16.8,17.64
17.64,17.64
20.16,17.64
21.0,17.64
21.84,17.64
22.68,17.64
23.52,17.64
28.56,17.64
29.4,17.64
33.6,17.64
36.96,17.64
37.8,17.64
39.48,17.64
40.32,17.64
42.0,17.64
43.68,17.64
47.04,17.64
0.0,16.8
1.68,16.8
2.52,16.8
3.36,16.8
5.04,16.8
6.72,16.8
9.24,16.8
11.76,16.8
12.6,16.8
13.44,16.8
15.12,16.8
15.96,16.8
16.8,16.8
17.64,16.8
20.16,16.8
21.0,16.8
21.84,16.8
22.68,16.8
23.52,16.8
28.56,16.8
29.4,16.8
33.6,16.8
36.96,16.8
37.8,16.8
39.48,16.8
40.32,16.8
42.0,16.8
43.68,16.8
47.04,16.8
0.0,15.96
1.68,15.96
2.52,15.96
3.36,15.96
5.04,15.96
6.72,15.96
9.24,15.96
11.76,15.96
12.6,15.96
13.44,15.96
15.12,15.96
15.96,15.96
16.8,15.96
17.64,15.96
20.16,15.96
21.0,15.96
21.84,15.96
22.68,15.96
23.52,15.96
28.56,15.96
29.4,15.96
33.6,15.96
36.96,15.96
37.8,15.96
39.48,15.96
40.32,15.96
42.0,15.96
43.68,15.96
47.04,15.96
0.0,15.12
1.68,15.12
2.52,15.12
3.36,15.12
5.04,15.12
6.72,15.12
9.24,15.12
11.76,15.12
12.6,15.12
13.44,15.12
15.12,15.12
15.96,15.12
16.8,15.12
17.64,15.12
20.16,15.12
21.0,15.12
21.84,15.12
22.68,15.12
23.52,15.12
28.56,15.12
29.4,15.12
33.6,15.12
36.96,15.12
37.8,15.12
39.48,15.12
40.32,15.12
42.0,15.12
43.68,15.12
47.04,15.12
0.84,14.28
4.2,14.28
5.88,14.28
7.56,14.28
8.4,14.28
10.08,14.28
10.92,14.28
14.28,14.28
18.48,14.28
19.32,14.28
24.36,14.28
25.2,14.28
26.04,14.28
26.88,14.28
27.72,14.28
30.24,14.28
31.08,14.28
31.92,14.28
32.76,14.28
34.44,14.28
35.28,14.28
36.12,14.28
38.64,14.28
41.16,14.28
42.84,14.28
44.52,14.28
45.36,14.28
46.2,14.28
47.88,14.28
0.0,13.44
1.68,13.44
2.52,13.44
3.36,13.44
5.04,13.44
6.72,13.44
9.24,13.44
11.76,13.44
12.6,13.44
13.44,13.44
15.12,13.44
15.96,13.44
16.8,13.44
17.64,13.44
20.16,13.44
21.0,13.44
21.84,13.44
22.68,13.44
23.52,13.44
28.56,13.44
29.4,13.44
33.6,13.44
36.96,13.44
37.8,13.44
39.48,13.44
40.32,13.44
42.0,13.44
43.68,13.44
47.04,13.44
0.0,12.6
1.68,12.6
2.52,12.6
3.36,12.6
5.04,12.6
6.72,12.6
9.24,12.6
11.76,12.6
12.6,12.6
13.44,12.6
15.12,12.6
15.96,12.6
16.8,12.6
17.64,12.6
20.16,12.6
21.0,12.6
21.84,12.6
22.68,12.6
23.52,12.6
28.56,12.6
29.4,12.6
33.6,12.6
36.96,12.6
37.8,12.6
39.48,12.6
40.32,12.6
42.0,12.6
43.68,12.6
47.04,12.6
0.0,11.76
1.68,11.76
2.52,11.76
3.36,11.76
5.04,11.76
6.72,11.76
9.24,11.76
11.76,11.76
12.6,11.76
13.44,11.76
15.12,11.76
15.96,11.76
16.8,11.76
17.64,11.76
20.16,11.76
21.0,11.76
21.84,11.76
22.68,11.76
23.52,11.76
28.56,11.76
29.4,11.76
33.6,11.76
36.96,11.76
37.8,11.76
39.48,11.76
40.32,11.76
42.0,11.76
43.68,11.76
47.04,11.76
0.84,10.92
4.2,10.92
5.88,10.92
7.56,10.92
8.4,10.92
10.08,10.92
10.92,10.92
14.28,10.92
18.48,10.92
19.32,10.92
24.36,10.92
25.2,10.92
26.04,10.92
26.88,10.92
27.72,10.92
30.24,10.92
31.08,10.92
31.92,10.92
32.76,10.92
34.44,10.92
35.28,10.92
36.12,10.92
38.64,10.92
41.16,10.92
42.84,10.92
44.52,10.92
45.36,10.92
46.2,10.92
47.88,10.92
0.84,10.08
4.2,10.08
5.88,10.08
7.56,10.08
8.4,10.08
10.08,10.08
10.92,10.08
14.28,10.08
18.48,10.08
19.32,10.08
24.36,10.08
25.2,10.08
26.04,10.08
26.88,10.08
27.72,10.08
30.24,10.08
31.08,10.08
31.92,10.08
32.76,10.08
34.44,10.08
35.28,10.08
36.12,10.08
38.64,10.08
41.16,10.08
42.84,10.08
44.52,10.08
45.36,10.08
46.2,10.08
47.88,10.08
0.0,9.24
1.68,9.24
2.52,9.24
3.36,9.24
5.04,9.24
6.72,9.24
9.24,9.24
11.76,9.24
12.6,9.24
13.44,9.24
15.12,9.24
15.96,9.24
16.8,9.24
17.64,9.24
20.16,9.24
21.0,9.24
21.84,9.24
22.68,9.24
23.52,9.24
28.56,9.24
29.4,9.24
33.6,9.24
36.96,9.24
37.8,9.24
39.48,9.24
40.32,9.24
42.0,9.24
43.68,9.24
47.04,9.24
0.84,8.4
4.2,8.4
5.88,8.4
7.56,8.4
8.4,8.4
10.08,8.4
10.92,8.4
14.28,8.4
18.48,8.4
19.32,8.4
24.36,8.4
25.2,8.4
26.04,8.4
26.88,8.4
27.72,8.4
30.24,8.4
31.08,8.4
31.92,8.4
32.76,8.4
34.44,8.4
35.28,8.4
36.12,8.4
38.64,8.4
41.16,8.4
42.84,8.4
44.52,8.4
45.36,8.4
46.2,8.4
47.88,8.4
0.84,7.56
4.2,7.56
5.88,7.56
7.56,7.56
8.4,7.56
10.08,7.56
10.92,7.56
14.28,7.56
18.48,7.56
19.32,7.56
24.36,7.56
25.2,7.56
26.04,7.56
26.88,7.56
27.72,7.56
30.24,7.56
31.08,7.56
31.92,7.56
32.76,7.56
34.44,7.56
35.28,7.56
36.12,7.56
38.64,7.56
41.16,7.56
42.84,7.56
44.52,7.56
45.36,7.56
46.2,7.56
47.88,7.56
0.0,6.72
1.68,6.72
2.52,6.72
3.36,6.72
5.04,6.72
6.72,6.72
9.24,6.72
11.76,6.72
12.6,6.72
13.44,6.72
15.12,6.72
15.96,6.72
16.8,6.72
17.64,6.72
20.16,6.72
21.0,6.72
21.84,6.72
22.68,6.72
23.52,6.72
28.56,6.72
29.4,6.72
33.6,6.72
36.96,6.72
37.8,6.72
39.48,6.72
40.32,6.72
42.0,6.72
43.68,6.72
47.04,6.72
0.84,5.88
4.2,5.88
5.88,5.88
7.56,5.88
8.4,5.88
10.08,5.88
10.92,5.88
14.28,5.88
18.48,5.88
19.32,5.88
24.36,5.88
25.2,5.88
26.04,5.88
26.88,5.88
27.72,5.88
30.24,5.88
31.08,5.88
31.92,5.88
32.76,5.88
34.44,5.88
35.28,5.88
36.12,5.88
38.64,5.88
41.16,5.88
42.84,5.88
44.52,5.88
45.36,5.88
46.2,5.88
47.88,5.88
0.0,5.04
1.68,5.04
2.52,5.04
3.36,5.04
5.04,5.04
6.72,5.04
9.24,5.04
11.76,5.04
12.6,5.04
13.44,5.04
15.12,5.04
15.96,5.04
16.8,5.04
17.64,5.04
20.16,5.04
21.0,5.04
21.84,5.04
22.68,5.04
23.52,5.04
28.56,5.04
29.4,5.04
33.6,5.04
36.96,5.04
37.8,5.04
39.48,5.04
40.32,5.04
42.0,5.04
43.68,5.04
47.04,5.04
0.84,4.2
4.2,4.2
5.88,4.2
7.56,4.2
8.4,4.2
10.08,4.2
10.92,4.2
14.28,4.2
18.48,4.2
19.32,4.2
24.36,4.2
25.2,4.2
26.04,4.2
26.88,4.2
27.72,4.2
30.24,4.2
31.08,4.2
31.92,4.2
32.76,4.2
34.44,4.2
35.28,4.2
36.12,4.2
38.64,4.2
41.16,4.2
42.84,4.2
44.52,4.2
45.36,4.2
46.2,4.2
47.88,4.2
0.0,3.36
1.68,3.36
2.52,3.36
3.36,3.36
5.04,3.36
6.72,3.36
9.24,3.36
11.76,3.36
12.6,3.36
13.44,3.36
15.12,3.36
15.96,3.36
16.8,3.36
17.64,3.36
20.16,3.36
21.0,3.36
21.84,3.36
22.68,3.36
23.52,3.36
28.56,3.36
29.4,3.36
33.6,3.36
36.96,3.36
37.8,3.36
39.48,3.36
40.32,3.36
42.0,3.36
43.68,3.36
47.04,3.36
0.0,2.52
1.68,2.52
2.52,2.52
3.36,2.52
5.04,2.52
6.72,2.52
9.24,2.52
11.76,2.52
12.6,2.52
13.44,2.52
15.12,2.52
15.96,2.52
16.8,2.52
17.64,2.52
20.16,2.52
21.0,2.52
21.84,2.52
22.68,2.52
23.52,2.52
28.56,2.52
29.4,2.52
33.6,2.52
36.96,2.52
37.8,2.52
39.48,2.52
40.32,2.52
42.0,2.52
43.68,2.52
47.04,2.52
0.0,1.68
1.68,1.68
2.52,1.68
3.36,1.68
5.04,1.68
6.72,1.68
9.24,1.68
11.76,1.68
12.6,1.68
13.44,1.68
15.12,1.68
15.96,1.68
16.8,1.68
17.64,1.68
20.16,1.68
21.0,1.68
21.84,1.68
22.68,1.68
23.52,1.68
28.56,1.68
29.4,1.68
33.6,1.68
36.96,1.68
37.8,1.68
39.48,1.68
40.32,1.68
42.0,1.68
43.68,1.68
47.04,1.68
0.84,0.84
4.2,0.84
5.88,0.84
7.56,0.84
8.4,0.84
10.08,0.84
10.92,0.84
14.28,0.84
18.48,0.84
19.32,0.84
24.36,0.84
25.2,0.84
26.04,0.84
26.88,0.84
27.72,0.84
30.24,0.84
31.08,0.84
31.92,0.84
32.76,0.84
34.44,0.84
35.28,0.84
36.12,0.84
38.64,0.84
41.16,0.84
42.84,0.84
44.52,0.84
45.36,0.84
46.2,0.84
47.88,0.84
0.0,-0.0
1.68,-0.0
2.52,-0.0
3.36,-0.0
5.04,-0.0
6.72,-0.0
9.24,-0.0
11.76,-0.0
12.6,-0.0
13.44,-0.0
15.12,-0.0
15.96,-0.0
16.8,-0.0
17.64,-0.0
20.16,-0.0
21.0,-0.0
21.84,-0.0
22.68,-0.0
23.52,-0.0
28.56,-0.0
29.4,-0.0
33.6,-0.0
36.96,-0.0
37.8,-0.0
39.48,-0.0
40.32,-0.0
42.0,-0.0
43.68,-0.0
47.04,-0.0
0.0,98.28
0.84,98.28
1.68,98.28
2.52,98.28
3.36,98.28
4.2,98.28
5.04,98.28
5.88,98.28
6.72,98.28
7.56,98.28
8.4,98.28
9.24,98.28
10.08,98.28
10.92,98.28
11.76,98.28
12.6,98.28
13.44,98.28
14.28,98.28
15.12,98.28
15.96,98.28
16.8,98.28
17.64,98.28
18.48,98.28
19.32,98.28
20.16,98.28
21.0,98.28
21.84,98.28
22.68,98.28
23.52,98.28
24.36,98.28
25.2,98.28
26.04,98.28
26.88,98.28
27.72,98.28
28.56,98.28
29.4,98.28
30.24,98.28
31.08,98.28
31.92,98.28
32.76,98.28
33.6,98.28
34.44,98.28
35.28,98.28
36.12,98.28
36.96,98.28
37.8,98.28
38.64,98.28
39.48,98.28
40.32,98.28
41.16,98.28
42.0,98.28
42.84,98.28
43.68,98.28
44.52,98.28
45.36,98.28
46.2,98.28
47.04,98.28
47.88,98.28
0.84,97.44
4.2,97.44
5.88,97.44
7.56,97.44
8.4,97.44
10.08,97.44
10.92,97.44
14.28,97.44
18.48,97.44
19.32,97.44
24.36,97.44
25.2,97.44
26.04,97.44
26.88,97.44
27.72,97.44
30.24,97.44
31.08,97.44
31.92,97.44
32.76,97.44
34.44,97.44
35.28,97.44
36.12,97.44
38.64,97.44
41.16,97.44
42.84,97.44
44.52,97.44
45.36,97.44
46.2,97.44
47.88,97.44
0.0,96.6
1.68,96.6
2.52,96.6
3.36,96.6
5.04,96.6
6.72,96.6
9.24,96.6
11.76,96.6
12.6,96.6
13.44,96.6
15.12,96.6
15.96,96.6
16.8,96.6
17.64,96.6
20.16,96.6
21.0,96.6
21.84,96.6
22.68,96.6
23.52,96.6
28.56,96.6
29.4,96.6
33.6,96.6
36.96,96.6
37.8,96.6
39.48,96.6
40.32,96.6
42.0,96.6
43.68,96.6
47.04,96.6
0.84,95.76
4.2,95.76
5.88,95.76
7.56,95.76
8.4,95.76
10.08,95.76
10.92,95.76
14.28,95.76
18.48,95.76
19.32,95.76
24.36,95.76
25.2,95.76
26.04,95.76
26.88,95.76
27.72,95.76
30.24,95.76
31.08,95.76
31.92,95.76
32.76,95.76
34.44,95.76
35.28,95.76
36.12,95.76
38.64,95.76
41.16,95.76
42.84,95.76
44.52,95.76
45.36,95.76
46.2,95.76
47.88,95.76
0.84,94.92
4.2,94.92
5.88,94.92
7.56,94.92
8.4,94.92
10.08,94.92
10.92,94.92
14.28,94.92
18.48,94.92
19.32,94.92
24.36,94.92
25.2,94.92
26.04,94.92
26.88,94.92
27.72,94.92
30.24,94.92
31.08,94.92
31.92,94.92
32.76,94.92
34.44,94.92
35.28,94.92
36.12,94.92
38.64,94.92
41.16,94.92
42.84,94.92
44.52,94.92
45.36,94.92
46.2,94.92
47.88,94.92
0.84,94.08
4.2,94.08
5.88,94.08
7.56,94.08
8.4,94.08
10.08,94.08
10.92,94.08
14.28,94.08
18.48,94.08
19.32,94.08
24.36,94.08
25.2,94.08
26.04,94.08
26.88,94.08
27.72,94.08
30.24,94.08
31.08,94.08
31.92,94.08
32.76,94.08
34.44,94.08
35.28,94.08
36.12,94.08
38.64,94.08
41.16,94.08
42.84,94.08
44.52,94.08
45.36,94.08
46.2,94.08
47.88,94.08
0.0,93.24
1.68,93.24
2.52,93.24
3.36,93.24
5.04,93.24
6.72,93.24
9.24,93.24
11.76,93.24
12.6,93.24
13.44,93.24
15.12,93.24
15.96,93.24
16.8,93.24
17.64,93.24
20.16,93.24
21.0,93.24
21.84,93.24
22.68,93.24
23.52,93.24
28.56,93.24
29.4,93.24
33.6,93.24
36.96,93.24
37.8,93.24
39.48,93.24
40.32,93.24
42.0,93.24
43.68,93.24
47.04,93.24
0.84,92.4
4.2,92.4
5.88,92.4
7.56,92.4
8.4,92.4
10.08,92.4
10.92,92.4
14.28,92.4
18.48,92.4
19.32,92.4
24.36,92.4
25.2,92.4
26.04,92.4
26.88,92.4
27.72,92.4
30.24,92.4
31.08,92.4
31.92,92.4
32.76,92.4
34.44,92.4
35.28,92.4
36.12,92.4
38.64,92.4
41.16,92.4
42.84,92.4
44.52,92.4
45.36,92.4
46.2,92.4
47.88,92.4
0.0,91.56
1.68,91.56
2.52,91.56
3.36,91.56
5.04,91.56
6.72,91.56
9.24,91.56
11.76,91.56
12.6,91.56
13.44,91.56
15.12,91.56
15.96,91.56
16.8,91.56
17.64,91.56
20.16,91.56
21.0,91.56
21.84,91.56
22.68,91.56
23.52,91.56
28.56,91.56
29.4,91.56
33.6,91.56
36.96,91.56
37.8,91.56
39.48,91.56
40.32,91.56
42.0,91.56
43.68,91.56
47.04,91.56
0.84,90.72
4.2,90.72
5.88,90.72
7.56,90.72
8.4,90.72
10.08,90.72
10.92,90.72
14.28,90.72
18.48,90.72
19.32,90.72
24.36,90.72
25.2,90.72
26.04,90.72
26.88,90.72
27.72,90.72
30.24,90.72
31.08,90.72
31.92,90.72
32.76,90.72
34.44,90.72
35.28,90.72
36.12,90.72
38.64,90.72
41.16,90.72
42.84,90.72
44.52,90.72
45.36,90.72
46.2,90.72
47.88,90.72
0.0,89.88
1.68,89.88
2.52,89.88
3.36,89.88
5.04,89.88
6.72,89.88
9.24,89.88
11.76,89.88
12.6,89.88
13.44,89.88
15.12,89.88
15.96,89.88
16.8,89.88
17.64,89.88
20.16,89.88
21.0,89.88
21.84,89.88
22.68,89.88
23.52,89.88
28.56,89.88
29.4,89.88
33.6,89.88
36.96,89.88
37.8,89.88
39.48,89.88
40.32,89.88
42.0,89.88
43.68,89.88
47.04,89.88
0.0,89.04
1.68,89.04
2.52,89.04
3.36,89.04
5.04,89.04
6.72,89.04
9.24,89.04
11.76,89.04
12.6,89.04
13.44,89.04
15.12,89.04
15.96,89.04
16.8,89.04
17.64,89.04
20.16,89.04
21.0,89.04
21.84,89.04
22.68,89.04
23.52,89.04
28.56,89.04
29.4,89.04
33.6,89.04
36.96,89.04
37.8,89.04
39.48,89.04
40.32,89.04
42.0,89.04
43.68,89.04
47.04,89.04
0.84,88.2
4.2,88.2
5.88,88.2
7.56,88.2
8.4,88.2
10.08,88.2
10.92,88.2
14.28,88.2
18.48,88.2
19.32,88.2
24.36,88.2
25.2,88.2
26.04,88.2
26.88,88.2
27.72,88.2
30.24,88.2
31.08,88.2
31.92,88.2
32.76,88.2
34.44,88.2
35.28,88.2
36.12,88.2
38.64,88.2
41.16,88.2
42.84,88.2
44.52,88.2
45.36,88.2
46.2,88.2
47.88,88.2
0.0,87.36
1.68,87.36
2.52,87.36
3.36,87.36
5.04,87.36
6.72,87.36
9.24,87.36
11.76,87.36
12.6,87.36
13.44,87.36
15.12,87.36
15.96,87.36
16.8,87.36
17.64,87.36
20.16,87.36
21.0,87.36
21.84,87.36
22.68,87.36
23.52,87.36
28.56,87.36
29.4,87.36
33.6,87.36
36.96,87.36
37.8,87.36
39.48,87.36
40.32,87.36
42.0,87.36
43.68,87.36
47.04,87.36
0.0,86.52
1.68,86.52
2.52,86.52
3.36,86.52
5.04,86.52
6.72,86.52
9.24,86.52
11.76,86.52
12.6,86.52
13.44,86.52
15.12,86.52
15.96,86.52
16.8,86.52
17.64,86.52
20.16,86.52
21.0,86.52
21.84,86.52
22.68,86.52
23.52,86.52
28.56,86.52
29.4,86.52
33.6,86.52
36.96,86.52
37.8,86.52
39.48,86.52
40.32,86.52
42.0,86.52
43.68,86.52
47.04,86.52
0.84,85.68
4.2,85.68
5.88,85.68
7.56,85.68
8.4,85.68
10.08,85.68
10.92,85.68
14.28,85.68
18.48,85.68
19.32,85.68
24.36,85.68
25.2,85.68
26.04,85.68
26.88,85.68
27.72,85.68
30.24,85.68
31.08,85.68
31.92,85.68
32.76,85.68
34.44,85.68
35.28,85.68
36.12,85.68
38.64,85.68
41.16,85.68
42.84,85.68
44.52,85.68
45.36,85.68
46.2,85.68
47.88,85.68
0.84,84.84
4.2,84.84
5.88,84.84
7.56,84.84
8.4,84.84
10.08,84.84
10.92,84.84
14.28,84.84
18.48,84.84
19.32,84.84
24.36,84.84
25.2,84.84
26.04,84.84
26.88,84.84
27.72,84.84
30.24,84.84
31.08,84.84
31.92,84.84
32.76,84.84
34.44,84.84
35.28,84.84
36.12,84.84
38.64,84.84
41.16,84.84
42.84,84.84
44.52,84.84
45.36,84.84
46.2,84.84
47.88,84.84
0.84,84.0
4.2,84.0
5.88,84.0
7.56,84.0
8.4,84.0
10.08,84.0
10.92,84.0
14.28,84.0
18.48,84.0
19.32,84.0
24.36,84.0
25.2,84.0
26.04,84.0
26.88,84.0
27.72,84.0
30.24,84.0
31.08,84.0
31.92,84.0
32.76,84.0
34.44,84.0
35.28,84.0
36.12,84.0
38.64,84.0
41.16,84.0
42.84,84.0
44.52,84.0
45.36,84.0
46.2,84.0
47.88,84.0
0.0,83.16
1.68,83.16
2.52,83.16
3.36,83.16
5.04,83.16
6.72,83.16
9.24,83.16
11.76,83.16
12.6,83.16
13.44,83.16
15.12,83.16
15.96,83.16
16.8,83.16
17.64,83.16
20.16,83.16
21.0,83.16
21.84,83.16
22.68,83.16
23.52,83.16
28.56,83.16
29.4,83.16
33.6,83.16
36.96,83.16
37.8,83.16
39.48,83.16
40.32,83.16
42.0,83.16
43.68,83.16
47.04,83.16
0.84,82.32
4.2,82.32
5.88,82.32
7.56,82.32
8.4,82.32
10.08,82.32
10.92,82.32
14.28,82.32
18.48,82.32
19.32,82.32
24.36,82.32
25.2,82.32
26.04,82.32
26.88,82.32
27.72,82.32
30.24,82.32
31.08,82.32
31.92,82.32
32.76,82.32
34.44,82.32
35.28,82.32
36.12,82.32
38.64,82.32
41.16,82.32
42.84,82.32
44.52,82.32
45.36,82.32
46.2,82.32
47.88,82.32
0.84,81.48
4.2,81.48
5.88,81.48
7.56,81.48
8.4,81.48
10.08,81.48
10.92,81.48
14.28,81.48
18.48,81.48
19.32,81.48
24.36,81.48
25.2,81.48
26.04,81.48
26.88,81.48
27.72,81.48
30.24,81.48
31.08,81.48
31.92,81.48
32.76,81.48
34.44,81.48
35.28,81.48
36.12,81.48
38.64,81.48
41.16,81.48
42.84,81.48
44.52,81.48
45.36,81.48
46.2,81.48
47.88,81.48
0.84,80.64
4.2,80.64
5.88,80.64
7.56,80.64
8.4,80.64
10.08,80.64
10.92,80.64
14.28,80.64
18.48,80.64
19.32,80.64
24.36,80.64
25.2,80.64
26.04,80.64
26.88,80.64
27.72,80.64
30.24,80.64
31.08,80.64
31.92,80.64
32.76,80.64
34.44,80.64
35.28,80.64
36.12,80.64
38.64,80.64
41.16,80.64
42.84,80.64
44.52,80.64
45.36,80.64
46.2,80.64
47.88,80.64
0.84,79.8
4.2,79.8
5.88,79.8
7.56,79.8
8.4,79.8
10.08,79.8
10.92,79.8
14.28,79.8
18.48,79.8
19.32,79.8
24.36,79.8
25.2,79.8
26.04,79.8
26.88,79.8
27.72,79.8
30.24,79.8
31.08,79.8
31.92,79.8
32.76,79.8
34.44,79.8
35.28,79.8
36.12,79.8
38.64,79.8
41.16,79.8
42.84,79.8
44.52,79.8
45.36,79.8
46.2,79.8
47.88,79.8
0.0,78.96
1.68,78.96
2.52,78.96
3.36,78.96
5.04,78.96
6.72,78.96
9.24,78.96
11.76,78.96
12.6,78.96
13.44,78.96
15.12,78.96
15.96,78.96
16.8,78.96
17.64,78.96
20.16,78.96
21.0,78.96
21.84,78.96
22.68,78.96
23.52,78.96
28.56,78.96
29.4,78.96
33.6,78.96
36.96,78.96
37.8,78.96
39.48,78.96
40.32,78.96
42.0,78.96
43.68,78.96
47.04,78.96
0.0,78.12
1.68,78.12
2.52,78.12
3.36,78.12
5.04,78.12
6.72,78.12
9.24,78.12
11.76,78.12
12.6,78.12
13.44,78.12
15.12,78.12
15.96,78.12
16.8,78.12
17.64,78.12
20.16,78.12
21.0,78.12
21.84,78.12
22.68,78.12
23.52,78.12
28.56,78.12
29.4,78.12
33.6,78.12
36.96,78.12
37.8,78.12
39.48,78.12
40.32,78.12
42.0,78.12
43.68,78.12
47.04,78.12
0.84,77.28
4.2,77.28
5.88,77.28
7.56,77.28
8.4,77.28
10.08,77.28
10.92,77.28
14.28,77.28
18.48,77.28
19.32,77.28
24.36,77.28
25.2,77.28
26.04,77.28
26.88,77.28
27.72,77.28
30.24,77.28
31.08,77.28
31.92,77.28
32.76,77.28
34.44,77.28
35.28,77.28
36.12,77.28
38.64,77.28
41.16,77.28
42.84,77.28
44.52,77.28
45.36,77.28
46.2,77.28
47.88,77.28
0.84,76.44
4.2,76.44
5.88,76.44
7.56,76.44
8.4,76.44
10.08,76.44
10.92,76.44
14.28,76.44
18.48,76.44
19.32,76.44
24.36,76.44
25.2,76.44
26.04,76.44
26.88,76.44
27.72,76.44
30.24,76.44
31.08,76.44
31.92,76.44
32.76,76.44
34.44,76.44
35.28,76.44
36.12,76.44
38.64,76.44
41.16,76.44
42.84,76.44
44.52,76.44
45.36,76.44
46.2,76.44
47.88,76.44
0.84,75.6
4.2,75.6
5.88,75.6
7.56,75.6
8.4,75.6
10.08,75.6
10.92,75.6
14.28,75.6
18.48,75.6
19.32,75.6
24.36,75.6
25.2,75.6
26.04,75.6
26.88,75.6
27.72,75.6
30.24,75.6
31.08,75.6
31.92,75.6
32.76,75.6
34.44,75.6
35.28,75.6
36.12,75.6
38.64,75.6
41.16,75.6
42.84,75.6
44.52,75.6
45.36,75.6
46.2,75.6
47.88,75.6
0.84,74.76
4.2,74.76
5.88,74.76
7.56,74.76
8.4,74.76
10.08,74.76
10.92,74.76
14.28,74.76
18.48,74.76
19.32,74.76
24.36,74.76
25.2,74.76
26.04,74.76
26.88,74.76
27.72,74.76
30.24,74.76
31.08,74.76
31.92,74.76
32.76,74.76
34.44,74.76
35.28,74.76
36.12,74.76
38.64,74.76
41.16,74.76
42.84,74.76
44.52,74.76
45.36,74.76
46.2,74.76
47.88,74.76
0.84,73.92
4.2,73.92
5.88,73.92
7.56,73.92
8.4,73.92
10.08,73.92
10.92,73.92
14.28,73.92
18.48,73.92
19.32,73.92
24.36,73.92
25.2,73.92
26.04,73.92
26.88,73.92
27.72,73.92
30.24,73.92
31.08,73.92
31.92,73.92
32.76,73.92
34.44,73.92
35.28,73.92
36.12,73.92
38.64,73.92
41.16,73.92
42.84,73.92
44.52,73.92
45.36,73.92
46.2,73.92
47.88,73.92
0.0,73.08
1.68,73.08
2.52,73.08
3.36,73.08
5.04,73.08
6.72,73.08
9.24,73.08
11.76,73.08
12.6,73.08
13.44,73.08
15.12,73.08
15.96,73.08
16.8,73.08
17.64,73.08
20.16,73.08
21.0,73.08
21.84,73.08
22.68,73.08
23.52,73.08
28.56,73.08
29.4,73.08
33.6,73.08
36.96,73.08
37.8,73.08
39.48,73.08
40.32,73.08
42.0,73.08
43.68,73.08
47.04,73.08
0.0,72.24
1.68,72.24
2.52,72.24
3.36,72.24
5.04,72.24
6.72,72.24
9.24,72.24
11.76,72.24
12.6,72.24
13.44,72.24
15.12,72.24
15.96,72.24
16.8,72.24
17.64,72.24
20.16,72.24
21.0,72.24
21.84,72.24
22.68,72.24
23.52,72.24
28.56,72.24
29.4,72.24
33.6,72.24
36.96,72.24
37.8,72.24
39.48,72.24
40.32,72.24
42.0,72.24
43.68,72.24
47.04,72.24
0.0,71.4
1.68,71.4
2.52,71.4
3.36,71.4
5.04,71.4
6.72,71.4
9.24,71.4
11.76,71.4
12.6,71.4
13.44,71.4
15.12,71.4
15.96,71.4
16.8,71.4
17.64,71.4
20.16,71.4
21.0,71.4
21.84,71.4
22.68,71.4
23.52,71.4
28.56,71.4
29.4,71.4
33.6,71.4
36.96,71.4
37.8,71.4
39.48,71.4
40.32,71.4
42.0,71.4
43.68,71.4
47.04,71.4
0.0,70.56
1.68,70.56
2.52,70.56
3.36,70.56
5.04,70.56
6.72,70.56
9.24,70.56
11.76,70.56
12.6,70.56
13.44,70.56
15.12,70.56
15.96,70.56
16.8,70.56
17.64,70.56
20.16,70.56
21.0,70.56
21.84,70.56
22.68,70.56
23.52,70.56
28.56,70.56
29.4,70.56
33.6,70.56
36.96,70.56
37.8,70.56
39.48,70.56
40.32,70.56
42.0,70.56
43.68,70.56
47.04,70.56
0.0,69.72
1.68,69.72
2.52,69.72
3.36,69.72
5.04,69.72
6.72,69.72
9.24,69.72
11.76,69.72
12.6,69.72
13.44,69.72
15.12,69.72
15.96,69.72
16.8,69.72
17.64,69.72
20.16,69.72
21.0,69.72
21.84,69.72
22.68,69.72
23.52,69.72
28.56,69.72
29.4,69.72
33.6,69.72
36.96,69.72
37.8,69.72
39.48,69.72
40.32,69.72
42.0,69.72
43.68,69.72
47.04,69.72
0.84,68.88
4.2,68.88
5.88,68.88
7.56,68.88
8.4,68.88
10.08,68.88
10.92,68.88
14.28,68.88
18.48,68.88
19.32,68.88
24.36,68.88
25.2,68.88
26.04,68.88
26.88,68.88
27.72,68.88
30.24,68.88
31.08,68.88
31.92,68.88
32.76,68.88
34.44,68.88
35.28,68.88
36.12,68.88
38.64,68.88
41.16,68.88
42.84,68.88
44.52,68.88
45.36,68.88
46.2,68.88
47.88,68.88
0.84,68.04
4.2,68.04
5.88,68.04
7.56,68.04
8.4,68.04
10.08,68.04
10.92,68.04
14.28,68.04
18.48,68.04
19.32,68.04
24.36,68.04
25.2,68.04
26.04,68.04
26.88,68.04
27.72,68.04
30.24,68.04
31.08,68.04
31.92,68.04
32.76,68.04
34.44,68.04
35.28,68.04
36.12,68.04
38.64,68.04
41.16,68.04
42.84,68.04
44.52,68.04
45.36,68.04
46.2,68.04
47.88,68.04
0.0,67.2
1.68,67.2
2.52,67.2
3.36,67.2
5.04,67.2
6.72,67.2
9.24,67.2
11.76,67.2
12.6,67.2
13.44,67.2
15.12,67.2
15.96,67.2
16.8,67.2
17.64,67.2
20.16,67.2
21.0,67.2
21.84,67.2
22.68,67.2
23.52,67.2
28.56,67.2
29.4,67.2
33.6,67.2
36.96,67.2
37.8,67.2
39.48,67.2
40.32,67.2
42.0,67.2
43.68,67.2
47.04,67.2
0.0,66.36
1.68,66.36
2.52,66.36
3.36,66.36
5.04,66.36
6.72,66.36
9.24,66.36
11.76,66.36
12.6,66.36
13.44,66.36
15.12,66.36
15.96,66.36
16.8,66.36
17.64,66.36
20.16,66.36
21.0,66.36
21.84,66.36
22.68,66.36
23.52,66.36
28.56,66.36
29.4,66.36
33.6,66.36
36.96,66.36
37.8,66.36
39.48,66.36
40.32,66.36
42.0,66.36
43.68,66.36
47.04,66.36
0.0,65.52
1.68,65.52
2.52,65.52
3.36,65.52
5.04,65.52
6.72,65.52
9.24,65.52
11.76,65.52
12.6,65.52
13.44,65.52
15.12,65.52
15.96,65.52
16.8,65.52
17.64,65.52
20.16,65.52
21.0,65.52
21.84,65.52
22.68,65.52
23.52,65.52
28.56,65.52
29.4,65.52
33.6,65.52
36.96,65.52
37.8,65.52
39.48,65.52
40.32,65.52
42.0,65.52
43.68,65.52
47.04,65.52
0.0,64.68
1.68,64.68
2.52,64.68
3.36,64.68
5.04,64.68
6.72,64.68
9.24,64.68
11.76,64.68
12.6,64.68
13.44,64.68
15.12,64.68
15.96,64.68
16.8,64.68
17.64,64.68
20.16,64.68
21.0,64.68
21.84,64.68
22.68,64.68
23.52,64.68
28.56,64.68
29.4,64.68
33.6,64.68
36.96,64.68
37.8,64.68
39.48,64.68
40.32,64.68
42.0,64.68
43.68,64.68
47.04,64.68
0.84,63.84
4.2,63.84
5.88,63.84
7.56,63.84
8.4,63.84
10.08,63.84
10.92,63.84
14.28,63.84
18.48,63.84
19.32,63.84
24.36,63.84
25.2,63.84
26.04,63.84
26.88,63.84
27.72,63.84
30.24,63.84
31.08,63.84
31.92,63.84
32.76,63.84
34.44,63.84
35.28,63.84
36.12,63.84
38.64,63.84
41.16,63.84
42.84,63.84
44.52,63.84
45.36,63.84
46.2,63.84
47.88,63.84
0.0,63.0
1.68,63.0
2.52,63.0
3.36,63.0
5.04,63.0
6.72,63.0
9.24,63.0
11.76,63.0
12.6,63.0
13.44,63.0
15.12,63.0
15.96,63.0
16.8,63.0
17.64,63.0
20.16,63.0
21.0,63.0
21.84,63.0
22.68,63.0
23.52,63.0
28.56,63.0
29.4,63.0
33.6,63.0
36.96,63.0
37.8,63.0
39.48,63.0
40.32,63.0
42.0,63.0
43.68,63.0
47.04,63.0
0.0,62.16
1.68,62.16
2.52,62.16
3.36,62.16
5.04,62.16
6.72,62.16
9.24,62.16
11.76,62.16
12.6,62.16
13.44,62.16
15.12,62.16
15.96,62.16
16.8,62.16
17.64,62.16
20.16,62.16
21.0,62.16
21.84,62.16
22.68,62.16
23.52,62.16
28.56,62.16
29.4,62.16
33.6,62.16
36.96,62.16
37.8,62.16
39.48,62.16
40.32,62.16
42.0,62.16
43.68,62.16
47.04,62.16
0.0,61.32
1.68,61.32
2.52,61.32
3.36,61.32
5.04,61.32
6.72,61.32
9.24,61.32
11.76,61.32
12.6,61.32
13.44,61.32
15.12,61.32
15.96,61.32
16.8,61.32
17.64,61.32
20.16,61.32
21.0,61.32
21.84,61.32
22.68,61.32
23.52,61.32
28.56,61.32
29.4,61.32
33.6,61.32
36.96,61.32
37.8,61.32
39.48,61.32
40.32,61.32
42.0,61.32
43.68,61.32
47.04,61.32
0.84,60.48
4.2,60.48
5.88,60.48
7.56,60.48
8.4,60.48
10.08,60.48
10.92,60.48
14.28,60.48
18.48,60.48
19.32,60.48
24.36,60.48
25.2,60.48
26.04,60.48
26.88,60.48
27.72,60.48
30.24,60.48
31.08,60.48
31.92,60.48
32.76,60.48
34.44,60.48
35.28,60.48
36.12,60.48
38.64,60.48
41.16,60.48
42.84,60.48
44.52,60.48
45.36,60.48
46.2,60.48
47.88,60.48
0.84,59.64
4.2,59.64
5.88,59.64
7.56,59.64
8.4,59.64
10.08,59.64
10.92,59.64
14.28,59.64
18.48,59.64
19.32,59.64
24.36,59.64
25.2,59.64
26.04,59.64
26.88,59.64
27.72,59.64
30.24,59.64
31.08,59.64
31.92,59.64
32.76,59.64
34.44,59.64
35.28,59.64
36.12,59.64
38.64,59.64
41.16,59.64
42.84,59.64
44.52,59.64
45.36,59.64
46.2,59.64
47.88,59.64
0.0,58.8
1.68,58.8
2.52,58.8
3.36,58.8
5.04,58.8
6.72,58.8
9.24,58.8
11.76,58.8
12.6,58.8
13.44,58.8
15.12,58.8
15.96,58.8
16.8,58.8
17.64,58.8
20.16,58.8
21.0,58.8
21.84,58.8
22.68,58.8
23.52,58.8
28.56,58.8
29.4,58.8
33.6,58.8
36.96,58.8
37.8,58.8
39.48,58.8
40.32,58.8
42.0,58.8
43.68,58.8
47.04,58.8
0.84,57.96
4.2,57.96
5.88,57.96
7.56,57.96
8.4,57.96
10.08,57.96
10.92,57.96
14.28,57.96
18.48,57.96
19.32,57.96
24.36,57.96
25.2,57.96
26.04,57.96
26.88,57.96
27.72,57.96
30.24,57.96
31.08,57.96
31.92,57.96
32.76,57.96
34.44,57.96
35.28,57.96
36.12,57.96
38.64,57.96
41.16,57.96
42.84,57.96
44.52,57.96
45.36,57.96
46.2,57.96
47.88,57.96
0.84,57.12
4.2,57.12
5.88,57.12
7.56,57.12
8.4,57.12
10.08,57.12
10.92,57.12
14.28,57.12
18.48,57.12
19.32,57.12
24.36,57.12
25.2,57.12
26.04,57.12
26.88,57.12
27.72,57.12
30.24,57.12
31.08,57.12
31.92,57.12
32.76,57.12
34.44,57.12
35.28,57.12
36.12,57.12
38.64,57.12
41.16,57.12
42.84,57.12
44.52,57.12
45.36,57.12
46.2,57.12
47.88,57.12
0.0,56.28
1.68,56.28
2.52,56.28
3.36,56.28
5.04,56.28
6.72,56.28
9.24,56.28
11.76,56.28
12.6,56.28
13.44,56.28
15.12,56.28
15.96,56.28
16.8,56.28
17.64,56.28
20.16,56.28
21.0,56.28
21.84,56.28
22.68,56.28
23.52,56.28
28.56,56.28
29.4,56.28
33.6,56.28
36.96,56.28
37.8,56.28
39.48,56.28
40.32,56.28
42.0,56.28
43.68,56.28
47.04,56.28
0.84,55.44
4.2,55.44
5.88,55.44
7.56,55.44
8.4,55.44
10.08,55.44
10.92,55.44
14.28,55.44
18.48,55.44
19.32,55.44
24.36,55.44
25.2,55.44
26.04,55.44
26.88,55.44
27.72,55.44
30.24,55.44
31.08,55.44
31.92,55.44
32.76,55.44
34.44,55.44
35.28,55.44
36.12,55.44
38.64,55.44
41.16,55.44
42.84,55.44
44.52,55.44
45.36,55.44
46.2,55.44
47.88,55.44
0.0,54.6
1.68,54.6
2.52,54.6
3.36,54.6
5.04,54.6
6.72,54.6
9.24,54.6
11.76,54.6
12.6,54.6
13.44,54.6
15.12,54.6
15.96,54.6
16.8,54.6
17.64,54.6
20.16,54.6
21.0,54.6
21.84,54.6
22.68,54.6
23.52,54.6
28.56,54.6
29.4,54.6
33.6,54.6
36.96,54.6
37.8,54.6
39.48,54.6
40.32,54.6
42.0,54.6
43.68,54.6
47.04,54.6
0.84,53.76
4.2,53.76
5.88,53.76
7.56,53.76
8.4,53.76
10.08,53.76
10.92,53.76
14.28,53.76
18.48,53.76
19.32,53.76
24.36,53.76
25.2,53.76
26.04,53.76
26.88,53.76
27.72,53.76
30.24,53.76
31.08,53.76
31.92,53.76
32.76,53.76
34.44,53.76
35.28,53.76
36.12,53.76
38.64,53.76
41.16,53.76
42.84,53.76
44.52,53.76
45.36,53.76
46.2,53.76
47.88,53.76
0.0,52.92
1.68,52.92
2.52,52.92
3.36,52.92
5.04,52.92
6.72,52.92
9.24,52.92
11.76,52.92
12.6,52.92
13.44,52.92
15.12,52.92
15.96,52.92
16.8,52.92
17.64,52.92
20.16,52.92
21.0,52.92
21.84,52.92
22.68,52.92
23.52,52.92
28.56,52.92
29.4,52.92
33.6,52.92
36.96,52.92
37.8,52.92
39.48,52.92
40.32,52.92
42.0,52.92
43.68,52.92
47.04,52.92
0.0,52.08
1.68,52.08
2.52,52.08
3.36,52.08
5.04,52.08
6.72,52.08
9.24,52.08
11.76,52.08
12.6,52.08
13.44,52.08
15.12,52.08
15.96,52.08
16.8,52.08
17.64,52.08
20.16,52.08
21.0,52.08
21.84,52.08
22.68,52.08
23.52,52.08
28.56,52.08
29.4,52.08
33.6,52.08
36.96,52.08
37.8,52.08
39.48,52.08
40.32,52.08
42.0,52.08
43.68,52.08
47.04,52.08
0.0,51.24
1.68,51.24
2.52,51.24
3.36,51.24
5.04,51.24
6.72,51.24
9.24,51.24
11.76,51.24
12.6,51.24
13.44,51.24
15.12,51.24
15.96,51.24
16.8,51.24
17.64,51.24
20.16,51.24
21.0,51.24
21.84,51.24
22.68,51.24
23.52,51.24
28.56,51.24
29.4,51.24
33.6,51.24
36.96,51.24
37.8,51.24
39.48,51.24
40.32,51.24
42.0,51.24
43.68,51.24
47.04,51.24
0.84,50.4
4.2,50.4
5.88,50.4
7.56,50.4
8.4,50.4
10.08,50.4
10.92,50.4
14.28,50.4
18.48,50.4
19.32,50.4
24.36,50.4
25.2,50.4
26.04,50.4
26.88,50.4
27.72,50.4
30.24,50.4
31.08,50.4
31.92,50.4
32.76,50.4
34.44,50.4
35.28,50.4
36.12,50.4
38.64,50.4
41.16,50.4
42.84,50.4
44.52,50.4
45.36,50.4
46.2,50.4
47.88,50.4
0.0,49.56
1.68,49.56
2.52,49.56
3.36,49.56
5.04,49.56
6.72,49.56
9.24,49.56
11.76,49.56
12.6,49.56
13.44,49.56
15.12,49.56
15.96,49.56
16.8,49.56
17.64,49.56
20.16,49.56
21.0,49.56
21.84,49.56
22.68,49.56
23.52,49.56
28.56,49.56
29.4,49.56
33.6,49.56
36.96,49.56
37.8,49.56
39.48,49.56
40.32,49.56
42.0,49.56
43.68,49.56
47.04,49.56
