49.155,49.155
50.0025,49.155
50.85,49.155
51.6975,49.155
52.545,49.155
53.3925,49.155
54.24,49.155
55.0875,49.155
55.935,49.155
56.7825,49.155
57.63,49.155
58.4775,49.155
59.325,49.155
60.1725,49.155
61.02,49.155
61.8675,49.155
62.715,49.155
63.5625,49.155
64.41,49.155
65.2575,49.155
66.105,49.155
66.9525,49.155
67.8,49.155
68.6475,49.155
69.495,49.155
70.3425,49.155
71.19,49.155
72.0375,49.155
72.885,49.155
73.7325,49.155
74.58,49.155
75.4275,49.155
76.275,49.155
77.1225,49.155
77.97,49.155
78.8175,49.155
79.665,49.155
80.5125,49.155
81.36,49.155
82.2075,49.155
83.055,49.155
83.9025,49.155
84.75,49.155
85.5975,49.155
86.445,49.155
87.2925,49.155
88.14,49.155
88.9875,49.155
89.835,49.155
90.6825,49.155
91.53,49.155
92.3775,49.155
93.225,49.155
94.0725,49.155
94.92,49.155
95.7675,49.155
96.615,49.155
97.4625,49.155
98.31,49.155
50.85,48.3075
54.24,48.3075
55.935,48.3075
57.63,48.3075
58.4775,48.3075
60.1725,48.3075
61.02,48.3075
64.41,48.3075
68.6475,48.3075
69.495,48.3075
74.58,48.3075
75.4275,48.3075
76.275,48.3075
77.1225,48.3075
77.97,48.3075
80.5125,48.3075
81.36,48.3075
82.2075,48.3075
83.055,48.3075
84.75,48.3075
85.5975,48.3075
86.445,48.3075
88.9875,48.3075
91.53,48.3075
93.225,48.3075
94.92,48.3075
95.7675,48.3075
96.615,48.3075
98.31,48.3075
50.0025,47.46
51.6975,47.46
52.545,47.46
53.3925,47.46
55.0875,47.46
56.7825,47.46
59.325,47.46
61.8675,47.46
62.715,47.46
63.5625,47.46
65.2575,47.46
66.105,47.46
66.9525,47.46
67.8,47.46
70.3425,47.46
71.19,47.46
72.0375,47.46
72.885,47.46
73.7325,47.46
78.8175,47.46
79.665,47.46
83.9025,47.46
87.2925,47.46
88.14,47.46
89.835,47.46
90.6825,47.46
92.3775,47.46
94.0725,47.46
97.4625,47.46
50.85,46.6125
54.24,46.6125
55.935,46.6125
57.63,46.6125
58.4775,46.6125
60.1725,46.6125
61.02,46.6125
64.41,46.6125
68.6475,46.6125
69.495,46.6125
74.58,46.6125
75.4275,46.6125
76.275,46.6125
77.1225,46.6125
77.97,46.6125
80.5125,46.6125
81.36,46.6125
82.2075,46.6125
83.055,46.6125
84.75,46.6125
85.5975,46.6125
86.445,46.6125
88.9875,46.6125
91.53,46.6125
93.225,46.6125
94.92,46.6125
95.7675,46.6125
96.615,46.6125
98.31,46.6125
50.85,45.765
54.24,45.765
55.935,45.765
57.63,45.765
58.4775,45.765
60.1725,45.765
61.02,45.765
64.41,45.765
68.6475,45.765
69.495,45.765
74.58,45.765
75.4275,45.765
76.275,45.765
77.1225,45.765
77.97,45.765
80.5125,45.765
81.36,45.765
82.2075,45.765
83.055,45.765
84.75,45.765
85.5975,45.765
86.445,45.765
88.9875,45.765
91.53,45.765
93.225,45.765
94.92,45.765
95.7675,45.765
96.615,45.765
98.31,45.765
50.85,44.9175
54.24,44.9175
55.935,44.9175
57.63,44.9175
58.4775,44.9175
60.1725,44.9175
61.02,44.9175
64.41,44.9175
68.6475,44.9175
69.495,44.9175
74.58,44.9175
75.4275,44.9175
76.275,44.9175
77.1225,44.9175
77.97,44.9175
80.5125,44.9175
81.36,44.9175
82.2075,44.9175
83.055,44.9175
84.75,44.9175
85.5975,44.9175
86.445,44.9175
88.9875,44.9175
91.53,44.9175
93.225,44.9175
94.92,44.9175
95.7675,44.9175
96.615,44.9175
98.31,44.9175
50.0025,44.07
51.6975,44.07
52.545,44.07
53.3925,44.07
55.0875,44.07
56.7825,44.07
59.325,44.07
61.8675,44.07
62.715,44.07
63.5625,44.07
65.2575,44.07
66.105,44.07
66.9525,44.07
67.8,44.07
70.3425,44.07
71.19,44.07
72.0375,44.07
72.885,44.07
73.7325,44.07
78.8175,44.07
79.665,44.07
83.9025,44.07
87.2925,44.07
88.14,44.07
89.835,44.07
90.6825,44.07
92.3775,44.07
94.0725,44.07
97.4625,44.07
50.85,43.2225
54.24,43.2225
55.935,43.2225
57.63,43.2225
58.4775,43.2225
60.1725,43.2225
61.02,43.2225
64.41,43.2225
68.6475,43.2225
69.495,43.2225
74.58,43.2225
75.4275,43.2225
76.275,43.2225
77.1225,43.2225
77.97,43.2225
80.5125,43.2225
81.36,43.2225
82.2075,43.2225
83.055,43.2225
84.75,43.2225
85.5975,43.2225
86.445,43.2225
88.9875,43.2225
91.53,43.2225
93.225,43.2225
94.92,43.2225
95.7675,43.2225
96.615,43.2225
98.31,43.2225
50.0025,42.375
51.6975,42.375
52.545,42.375
53.3925,42.375
55.0875,42.375
56.7825,42.375
59.325,42.375
61.8675,42.375
62.715,42.375
63.5625,42.375
65.2575,42.375
66.105,42.375
66.9525,42.375
67.8,42.375
70.3425,42.375
71.19,42.375
72.0375,42.375
72.885,42.375
73.7325,42.375
78.8175,42.375
79.665,42.375
83.9025,42.375
87.2925,42.375
88.14,42.375
89.835,42.375
90.6825,42.375
92.3775,42.375
94.0725,42.375
97.4625,42.375
50.85,41.5275
54.24,41.5275
55.935,41.5275
57.63,41.5275
58.4775,41.5275
60.1725,41.5275
61.02,41.5275
64.41,41.5275
68.6475,41.5275
69.495,41.5275
74.58,41.5275
75.4275,41.5275
76.275,41.5275
77.1225,41.5275
77.97,41.5275
80.5125,41.5275
81.36,41.5275
82.2075,41.5275
83.055,41.5275
84.75,41.5275
85.5975,41.5275
86.445,41.5275
88.9875,41.5275
91.53,41.5275
93.225,41.5275
94.92,41.5275
95.7675,41.5275
96.615,41.5275
98.31,41.5275
50.0025,40.68
51.6975,40.68
52.545,40.68
53.3925,40.68
55.0875,40.68
56.7825,40.68
59.325,40.68
61.8675,40.68
62.715,40.68
63.5625,40.68
65.2575,40.68
66.105,40.68
66.9525,40.68
67.8,40.68
70.3425,40.68
71.19,40.68
72.0375,40.68
72.885,40.68
73.7325,40.68
78.8175,40.68
79.665,40.68
83.9025,40.68
87.2925,40.68
88.14,40.68
89.835,40.68
90.6825,40.68
92.3775,40.68
94.0725,40.68
97.4625,40.68
50.0025,39.8325
51.6975,39.8325
52.545,39.8325
53.3925,39.8325
55.0875,39.8325
56.7825,39.8325
59.325,39.8325
61.8675,39.8325
62.715,39.8325
63.5625,39.8325
65.2575,39.8325
66.105,39.8325
66.9525,39.8325
67.8,39.8325
70.3425,39.8325
71.19,39.8325
72.0375,39.8325
72.885,39.8325
73.7325,39.8325
78.8175,39.8325
79.665,39.8325
83.9025,39.8325
87.2925,39.8325
88.14,39.8325
89.835,39.8325
90.6825,39.8325
92.3775,39.8325
94.0725,39.8325
97.4625,39.8325
50.85,38.985
54.24,38.985
55.935,38.985
57.63,38.985
58.4775,38.985
60.1725,38.985
61.02,38.985
64.41,38.985
68.6475,38.985
69.495,38.985
74.58,38.985
75.4275,38.985
76.275,38.985
77.1225,38.985
77.97,38.985
80.5125,38.985
81.36,38.985
82.2075,38.985
83.055,38.985
84.75,38.985
85.5975,38.985
86.445,38.985
88.9875,38.985
91.53,38.985
93.225,38.985
94.92,38.985
95.7675,38.985
96.615,38.985
98.31,38.985
50.0025,38.1375
51.6975,38.1375
52.545,38.1375
53.3925,38.1375
55.0875,38.1375
56.7825,38.1375
59.325,38.1375
61.8675,38.1375
62.715,38.1375
63.5625,38.1375
65.2575,38.1375
66.105,38.1375
66.9525,38.1375
67.8,38.1375
70.3425,38.1375
71.19,38.1375
72.0375,38.1375
72.885,38.1375
73.7325,38.1375
78.8175,38.1375
79.665,38.1375
83.9025,38.1375
87.2925,38.1375
88.14,38.1375
89.835,38.1375
90.6825,38.1375
92.3775,38.1375
94.0725,38.1375
97.4625,38.1375
50.0025,37.29
51.6975,37.29
52.545,37.29
53.3925,37.29
55.0875,37.29
56.7825,37.29
59.325,37.29
61.8675,37.29
62.715,37.29
63.5625,37.29
65.2575,37.29
66.105,37.29
66.9525,37.29
67.8,37.29
70.3425,37.29
71.19,37.29
72.0375,37.29
72.885,37.29
73.7325,37.29
78.8175,37.29
79.665,37.29
83.9025,37.29
87.2925,37.29
88.14,37.29
89.835,37.29
90.6825,37.29
92.3775,37.29
94.0725,37.29
97.4625,37.29
50.85,36.4425
54.24,36.4425
55.935,36.4425
57.63,36.4425
58.4775,36.4425
60.1725,36.4425
61.02,36.4425
64.41,36.4425
68.6475,36.4425
69.495,36.4425
74.58,36.4425
75.4275,36.4425
76.275,36.4425
77.1225,36.4425
77.97,36.4425
80.5125,36.4425
81.36,36.4425
82.2075,36.4425
83.055,36.4425
84.75,36.4425
85.5975,36.4425
86.445,36.4425
88.9875,36.4425
91.53,36.4425
93.225,36.4425
94.92,36.4425
95.7675,36.4425
96.615,36.4425
98.31,36.4425
50.85,35.595
54.24,35.595
55.935,35.595
57.63,35.595
58.4775,35.595
60.1725,35.595
61.02,35.595
64.41,35.595
68.6475,35.595
69.495,35.595
74.58,35.595
75.4275,35.595
76.275,35.595
77.1225,35.595
77.97,35.595
80.5125,35.595
81.36,35.595
82.2075,35.595
83.055,35.595
84.75,35.595
85.5975,35.595
86.445,35.595
88.9875,35.595
91.53,35.595
93.225,35.595
94.92,35.595
95.7675,35.595
96.615,35.595
98.31,35.595
50.85,34.7475
54.24,34.7475
55.935,34.7475
57.63,34.7475
58.4775,34.7475
60.1725,34.7475
61.02,34.7475
64.41,34.7475
68.6475,34.7475
69.495,34.7475
74.58,34.7475
75.4275,34.7475
76.275,34.7475
77.1225,34.7475
77.97,34.7475
80.5125,34.7475
81.36,34.7475
82.2075,34.7475
83.055,34.7475
84.75,34.7475
85.5975,34.7475
86.445,34.7475
88.9875,34.7475
91.53,34.7475
93.225,34.7475
94.92,34.7475
95.7675,34.7475
96.615,34.7475
98.31,34.7475
50.0025,33.9
51.6975,33.9
52.545,33.9
53.3925,33.9
55.0875,33.9
56.7825,33.9
59.325,33.9
61.8675,33.9
62.715,33.9
63.5625,33.9
65.2575,33.9
66.105,33.9
66.9525,33.9
67.8,33.9
70.3425,33.9
71.19,33.9
72.0375,33.9
72.885,33.9
73.7325,33.9
78.8175,33.9
79.665,33.9
83.9025,33.9
87.2925,33.9
88.14,33.9
89.835,33.9
90.6825,33.9
92.3775,33.9
94.0725,33.9
97.4625,33.9
50.85,33.0525
54.24,33.0525
55.935,33.0525
57.63,33.0525
58.4775,33.0525
60.1725,33.0525
61.02,33.0525
64.41,33.0525
68.6475,33.0525
69.495,33.0525
74.58,33.0525
75.4275,33.0525
76.275,33.0525
77.1225,33.0525
77.97,33.0525
80.5125,33.0525
81.36,33.0525
82.2075,33.0525
83.055,33.0525
84.75,33.0525
85.5975,33.0525
86.445,33.0525
88.9875,33.0525
91.53,33.0525
93.225,33.0525
94.92,33.0525
95.7675,33.0525
96.615,33.0525
98.31,33.0525
50.85,32.205
54.24,32.205
55.935,32.205
57.63,32.205
58.4775,32.205
60.1725,32.205
61.02,32.205
64.41,32.205
68.6475,32.205
69.495,32.205
74.58,32.205
75.4275,32.205
76.275,32.205
77.1225,32.205
77.97,32.205
80.5125,32.205
81.36,32.205
82.2075,32.205
83.055,32.205
84.75,32.205
85.5975,32.205
86.445,32.205
88.9875,32.205
91.53,32.205
93.225,32.205
94.92,32.205
95.7675,32.205
96.615,32.205
98.31,32.205
50.85,31.3575
54.24,31.3575
55.935,31.3575
57.63,31.3575
58.4775,31.3575
60.1725,31.3575
61.02,31.3575
64.41,31.3575
68.6475,31.3575
69.495,31.3575
74.58,31.3575
75.4275,31.3575
76.275,31.3575
77.1225,31.3575
77.97,31.3575
80.5125,31.3575
81.36,31.3575
82.2075,31.3575
83.055,31.3575
84.75,31.3575
85.5975,31.3575
86.445,31.3575
88.9875,31.3575
91.53,31.3575
93.225,31.3575
94.92,31.3575
95.7675,31.3575
96.615,31.3575
98.31,31.3575
50.85,30.51
54.24,30.51
55.935,30.51
57.63,30.51
58.4775,30.51
60.1725,30.51
61.02,30.51
64.41,30.51
68.6475,30.51
69.495,30.51
74.58,30.51
75.4275,30.51
76.275,30.51
77.1225,30.51
77.97,30.51
80.5125,30.51
81.36,30.51
82.2075,30.51
83.055,30.51
84.75,30.51
85.5975,30.51
86.445,30.51
88.9875,30.51
91.53,30.51
93.225,30.51
94.92,30.51
95.7675,30.51
96.615,30.51
98.31,30.51
50.0025,29.6625
51.6975,29.6625
52.545,29.6625
53.3925,29.6625
55.0875,29.6625
56.7825,29.6625
59.325,29.6625
61.8675,29.6625
62.715,29.6625
63.5625,29.6625
65.2575,29.6625
66.105,29.6625
66.9525,29.6625
67.8,29.6625
70.3425,29.6625
71.19,29.6625
72.0375,29.6625
72.885,29.6625
73.7325,29.6625
78.8175,29.6625
79.665,29.6625
83.9025,29.6625
87.2925,29.6625
88.14,29.6625
89.835,29.6625
90.6825,29.6625
92.3775,29.6625
94.0725,29.6625
97.4625,29.6625
50.0025,28.815
51.6975,28.815
52.545,28.815
53.3925,28.815
55.0875,28.815
56.7825,28.815
59.325,28.815
61.8675,28.815
62.715,28.815
63.5625,28.815
65.2575,28.815
66.105,28.815
66.9525,28.815
67.8,28.815
70.3425,28.815
71.19,28.815
72.0375,28.815
72.885,28.815
73.7325,28.815
78.8175,28.815
79.665,28.815
83.9025,28.815
87.2925,28.815
88.14,28.815
89.835,28.815
90.6825,28.815
92.3775,28.815
94.0725,28.815
97.4625,28.815
50.85,27.9675
54.24,27.9675
55.935,27.9675
57.63,27.9675
58.4775,27.9675
60.1725,27.9675
61.02,27.9675
64.41,27.9675
68.6475,27.9675
69.495,27.9675
74.58,27.9675
75.4275,27.9675
76.275,27.9675
77.1225,27.9675
77.97,27.9675
80.5125,27.9675
81.36,27.9675
82.2075,27.9675
83.055,27.9675
84.75,27.9675
85.5975,27.9675
86.445,27.9675
88.9875,27.9675
91.53,27.9675
93.225,27.9675
94.92,27.9675
95.7675,27.9675
96.615,27.9675
98.31,27.9675
50.85,27.12
54.24,27.12
55.935,27.12
57.63,27.12
58.4775,27.12
60.1725,27.12
61.02,27.12
64.41,27.12
68.6475,27.12
69.495,27.12
74.58,27.12
75.4275,27.12
76.275,27.12
77.1225,27.12
77.97,27.12
80.5125,27.12
81.36,27.12
82.2075,27.12
83.055,27.12
84.75,27.12
85.5975,27.12
86.445,27.12
88.9875,27.12
91.53,27.12
93.225,27.12
94.92,27.12
95.7675,27.12
96.615,27.12
98.31,27.12
50.85,26.2725
54.24,26.2725
55.935,26.2725
57.63,26.2725
58.4775,26.2725
60.1725,26.2725
61.02,26.2725
64.41,26.2725
68.6475,26.2725
69.495,26.2725
74.58,26.2725
75.4275,26.2725
76.275,26.2725
77.1225,26.2725
77.97,26.2725
80.5125,26.2725
81.36,26.2725
82.2075,26.2725
83.055,26.2725
84.75,26.2725
85.5975,26.2725
86.445,26.2725
88.9875,26.2725
91.53,26.2725
93.225,26.2725
94.92,26.2725
95.7675,26.2725
96.615,26.2725
98.31,26.2725
50.85,25.425
54.24,25.425
55.935,25.425
57.63,25.425
58.4775,25.425
60.1725,25.425
61.02,25.425
64.41,25.425
68.6475,25.425
69.495,25.425
74.58,25.425
75.4275,25.425
76.275,25.425
77.1225,25.425
77.97,25.425
80.5125,25.425
81.36,25.425
82.2075,25.425
83.055,25.425
84.75,25.425
85.5975,25.425
86.445,25.425
88.9875,25.425
91.53,25.425
93.225,25.425
94.92,25.425
95.7675,25.425
96.615,25.425
98.31,25.425
50.85,24.5775
54.24,24.5775
55.935,24.5775
57.63,24.5775
58.4775,24.5775
60.1725,24.5775
61.02,24.5775
64.41,24.5775
68.6475,24.5775
69.495,24.5775
74.58,24.5775
75.4275,24.5775
76.275,24.5775
77.1225,24.5775
77.97,24.5775
80.5125,24.5775
81.36,24.5775
82.2075,24.5775
83.055,24.5775
84.75,24.5775
85.5975,24.5775
86.445,24.5775
88.9875,24.5775
91.53,24.5775
93.225,24.5775
94.92,24.5775
95.7675,24.5775
96.615,24.5775
98.31,24.5775
50.0025,23.73
51.6975,23.73
52.545,23.73
53.3925,23.73
55.0875,23.73
56.7825,23.73
59.325,23.73
61.8675,23.73
62.715,23.73
63.5625,23.73
65.2575,23.73
66.105,23.73
66.9525,23.73
67.8,23.73
70.3425,23.73
71.19,23.73
72.0375,23.73
72.885,23.73
73.7325,23.73
78.8175,23.73
79.665,23.73
83.9025,23.73
87.2925,23.73
88.14,23.73
89.835,23.73
90.6825,23.73
92.3775,23.73
94.0725,23.73
97.4625,23.73
50.0025,22.8825
51.6975,22.8825
52.545,22.8825
53.3925,22.8825
55.0875,22.8825
56.7825,22.8825
59.325,22.8825
61.8675,22.8825
62.715,22.8825
63.5625,22.8825
65.2575,22.8825
66.105,22.8825
66.9525,22.8825
67.8,22.8825
70.3425,22.8825
71.19,22.8825
72.0375,22.8825
72.885,22.8825
73.7325,22.8825
78.8175,22.8825
79.665,22.8825
83.9025,22.8825
87.2925,22.8825
88.14,22.8825
89.835,22.8825
90.6825,22.8825
92.3775,22.8825
94.0725,22.8825
97.4625,22.8825
50.0025,22.035
51.6975,22.035
52.545,22.035
53.3925,22.035
55.0875,22.035
56.7825,22.035
59.325,22.035
61.8675,22.035
62.715,22.035
63.5625,22.035
65.2575,22.035
66.105,22.035
66.9525,22.035
67.8,22.035
70.3425,22.035
71.19,22.035
72.0375,22.035
72.885,22.035
73.7325,22.035
78.8175,22.035
79.665,22.035
83.9025,22.035
87.2925,22.035
88.14,22.035
89.835,22.035
90.6825,22.035
92.3775,22.035
94.0725,22.035
97.4625,22.035
50.0025,21.1875
51.6975,21.1875
52.545,21.1875
53.3925,21.1875
55.0875,21.1875
56.7825,21.1875
59.325,21.1875
61.8675,21.1875
62.715,21.1875
63.5625,21.1875
65.2575,21.1875
66.105,21.1875
66.9525,21.1875
67.8,21.1875
70.3425,21.1875
71.19,21.1875
72.0375,21.1875
72.885,21.1875
73.7325,21.1875
78.8175,21.1875
79.665,21.1875
83.9025,21.1875
87.2925,21.1875
88.14,21.1875
89.835,21.1875
90.6825,21.1875
92.3775,21.1875
94.0725,21.1875
97.4625,21.1875
50.0025,20.34
51.6975,20.34
52.545,20.34
53.3925,20.34
55.0875,20.34
56.7825,20.34
59.325,20.34
61.8675,20.34
62.715,20.34
63.5625,20.34
65.2575,20.34
66.105,20.34
66.9525,20.34
67.8,20.34
70.3425,20.34
71.19,20.34
72.0375,20.34
72.885,20.34
73.7325,20.34
78.8175,20.34
79.665,20.34
83.9025,20.34
87.2925,20.34
88.14,20.34
89.835,20.34
90.6825,20.34
92.3775,20.34
94.0725,20.34
97.4625,20.34
50.85,19.4925
54.24,19.4925
55.935,19.4925
57.63,19.4925
58.4775,19.4925
60.1725,19.4925
61.02,19.4925
64.41,19.4925
68.6475,19.4925
69.495,19.4925
74.58,19.4925
75.4275,19.4925
76.275,19.4925
77.1225,19.4925
77.97,19.4925
80.5125,19.4925
81.36,19.4925
82.2075,19.4925
83.055,19.4925
84.75,19.4925
85.5975,19.4925
86.445,19.4925
88.9875,19.4925
91.53,19.4925
93.225,19.4925
94.92,19.4925
95.7675,19.4925
96.615,19.4925
98.31,19.4925
50.85,18.645
54.24,18.645
55.935,18.645
57.63,18.645
58.4775,18.645
60.1725,18.645
61.02,18.645
64.41,18.645
68.6475,18.645
69.495,18.645
74.58,18.645
75.4275,18.645
76.275,18.645
77.1225,18.645
77.97,18.645
80.5125,18.645
81.36,18.645
82.2075,18.645
83.055,18.645
84.75,18.645
85.5975,18.645
86.445,18.645
88.9875,18.645
91.53,18.645
93.225,18.645
94.92,18.645
95.7675,18.645
96.615,18.645
98.31,18.645
50.0025,17.7975
51.6975,17.7975
52.545,17.7975
53.3925,17.7975
55.0875,17.7975
56.7825,17.7975
59.325,17.7975
61.8675,17.7975
62.715,17.7975
63.5625,17.7975
65.2575,17.7975
66.105,17.7975
66.9525,17.7975
67.8,17.7975
70.3425,17.7975
71.19,17.7975
72.0375,17.7975
72.885,17.7975
73.7325,17.7975
78.8175,17.7975
79.665,17.7975
83.9025,17.7975
87.2925,17.7975
88.14,17.7975
89.835,17.7975
90.6825,17.7975
92.3775,17.7975
94.0725,17.7975
97.4625,17.7975
50.0025,16.95
51.6975,16.95
52.545,16.95
53.3925,16.95
55.0875,16.95
56.7825,16.95
59.325,16.95
61.8675,16.95
62.715,16.95
63.5625,16.95
65.2575,16.95
66.105,16.95
66.9525,16.95
67.8,16.95
70.3425,16.95
71.19,16.95
72.0375,16.95
72.885,16.95
73.7325,16.95
78.8175,16.95
79.665,16.95
83.9025,16.95
87.2925,16.95
88.14,16.95
89.835,16.95
90.6825,16.95
92.3775,16.95
94.0725,16.95
97.4625,16.95
50.0025,16.1025
51.6975,16.1025
52.545,16.1025
53.3925,16.1025
55.0875,16.1025
56.7825,16.1025
59.325,16.1025
61.8675,16.1025
62.715,16.1025
63.5625,16.1025
65.2575,16.1025
66.105,16.1025
66.9525,16.1025
67.8,16.1025
70.3425,16.1025
71.19,16.1025
72.0375,16.1025
72.885,16.1025
73.7325,16.1025
78.8175,16.1025
79.665,16.1025
83.9025,16.1025
87.2925,16.1025
88.14,16.1025
89.835,16.1025
90.6825,16.1025
92.3775,16.1025
94.0725,16.1025
97.4625,16.1025
50.0025,15.255
51.6975,15.255
52.545,15.255
53.3925,15.255
55.0875,15.255
56.7825,15.255
59.325,15.255
61.8675,15.255
62.715,15.255
63.5625,15.255
65.2575,15.255
66.105,15.255
66.9525,15.255
67.8,15.255
70.3425,15.255
71.19,15.255
72.0375,15.255
72.885,15.255
73.7325,15.255
78.8175,15.255
79.665,15.255
83.9025,15.255
87.2925,15.255
88.14,15.255
89.835,15.255
90.6825,15.255
92.3775,15.255
94.0725,15.255
97.4625,15.255
50.85,14.4075
54.24,14.4075
55.935,14.4075
57.63,14.4075
58.4775,14.4075
60.1725,14.4075
61.02,14.4075
64.41,14.4075
68.6475,14.4075
69.495,14.4075
74.58,14.4075
75.4275,14.4075
76.275,14.4075
77.1225,14.4075
77.97,14.4075
80.5125,14.4075
81.36,14.4075
82.2075,14.4075
83.055,14.4075
84.75,14.4075
85.5975,14.4075
86.445,14.4075
88.9875,14.4075
91.53,14.4075
93.225,14.4075
94.92,14.4075
95.7675,14.4075
96.615,14.4075
98.31,14.4075
50.0025,13.56
51.6975,13.56
52.545,13.56
53.3925,13.56
55.0875,13.56
56.7825,13.56
59.325,13.56
61.8675,13.56
62.715,13.56
63.5625,13.56
65.2575,13.56
66.105,13.56
66.9525,13.56
67.8,13.56
70.3425,13.56
71.19,13.56
72.0375,13.56
72.885,13.56
73.7325,13.56
78.8175,13.56
79.665,13.56
83.9025,13.56
87.2925,13.56
88.14,13.56
89.835,13.56
90.6825,13.56
92.3775,13.56
94.0725,13.56
97.4625,13.56
50.0025,12.7125
51.6975,12.7125
52.545,12.7125
53.3925,12.7125
55.0875,12.7125
56.7825,12.7125
59.325,12.7125
61.8675,12.7125
62.715,12.7125
63.5625,12.7125
65.2575,12.7125
66.105,12.7125
66.9525,12.7125
67.8,12.7125
70.3425,12.7125
71.19,12.7125
72.0375,12.7125
72.885,12.7125
73.7325,12.7125
78.8175,12.7125
79.665,12.7125
83.9025,12.7125
87.2925,12.7125
88.14,12.7125
89.835,12.7125
90.6825,12.7125
92.3775,12.7125
94.0725,12.7125
97.4625,12.7125
50.0025,11.865
51.6975,11.865
52.545,11.865
53.3925,11.865
55.0875,11.865
56.7825,11.865
59.325,11.865
61.8675,11.865
62.715,11.865
63.5625,11.865
65.2575,11.865
66.105,11.865
66.9525,11.865
67.8,11.865
70.3425,11.865
71.19,11.865
72.0375,11.865
72.885,11.865
73.7325,11.865
78.8175,11.865
79.665,11.865
83.9025,11.865
87.2925,11.865
88.14,11.865
89.835,11.865
90.6825,11.865
92.3775,11.865
94.0725,11.865
97.4625,11.865
50.85,11.0175
54.24,11.0175
55.935,11.0175
57.63,11.0175
58.4775,11.0175
60.1725,11.0175
61.02,11.0175
64.41,11.0175
68.6475,11.0175
69.495,11.0175
74.58,11.0175
75.4275,11.0175
76.275,11.0175
77.1225,11.0175
77.97,11.0175
80.5125,11.0175
81.36,11.0175
82.2075,11.0175
83.055,11.0175
84.75,11.0175
85.5975,11.0175
86.445,11.0175
88.9875,11.0175
91.53,11.0175
93.225,11.0175
94.92,11.0175
95.7675,11.0175
96.615,11.0175
98.31,11.0175
50.85,10.17
54.24,10.17
55.935,10.17
57.63,10.17
58.4775,10.17
60.1725,10.17
61.02,10.17
64.41,10.17
68.6475,10.17
69.495,10.17
74.58,10.17
75.4275,10.17
76.275,10.17
77.1225,10.17
77.97,10.17
80.5125,10.17
81.36,10.17
82.2075,10.17
83.055,10.17
84.75,10.17
85.5975,10.17
86.445,10.17
88.9875,10.17
91.53,10.17
93.225,10.17
94.92,10.17
95.7675,10.17
96.615,10.17
98.31,10.17
50.0025,9.3225
51.6975,9.3225
52.545,9.3225
53.3925,9.3225
55.0875,9.3225
56.7825,9.3225
59.325,9.3225
61.8675,9.3225
62.715,9.3225
63.5625,9.3225
65.2575,9.3225
66.105,9.3225
66.9525,9.3225
67.8,9.3225
70.3425,9.3225
71.19,9.3225
72.0375,9.3225
72.885,9.3225
73.7325,9.3225
78.8175,9.3225
79.665,9.3225
83.9025,9.3225
87.2925,9.3225
88.14,9.3225
89.835,9.3225
90.6825,9.3225
92.3775,9.3225
94.0725,9.3225
97.4625,9.3225
50.85,8.475
54.24,8.475
55.935,8.475
57.63,8.475
58.4775,8.475
60.1725,8.475
61.02,8.475
64.41,8.475
68.6475,8.475
69.495,8.475
74.58,8.475
75.4275,8.475
76.275,8.475
77.1225,8.475
77.97,8.475
80.5125,8.475
81.36,8.475
82.2075,8.475
83.055,8.475
84.75,8.475
85.5975,8.475
86.445,8.475
88.9875,8.475
91.53,8.475
93.225,8.475
94.92,8.475
95.7675,8.475
96.615,8.475
98.31,8.475
50.85,7.6275
54.24,7.6275
55.935,7.6275
57.63,7.6275
58.4775,7.6275
60.1725,7.6275
61.02,7.6275
64.41,7.6275
68.6475,7.6275
69.495,7.6275
74.58,7.6275
75.4275,7.6275
76.275,7.6275
77.1225,7.6275
77.97,7.6275
80.5125,7.6275
81.36,7.6275
82.2075,7.6275
83.055,7.6275
84.75,7.6275
85.5975,7.6275
86.445,7.6275
88.9875,7.6275
91.53,7.6275
93.225,7.6275
94.92,7.6275
95.7675,7.6275
96.615,7.6275
98.31,7.6275
50.0025,6.78
51.6975,6.78
52.545,6.78
53.3925,6.78
55.0875,6.78
56.7825,6.78
59.325,6.78
61.8675,6.78
62.715,6.78
63.5625,6.78
65.2575,6.78
66.105,6.78
66.9525,6.78
67.8,6.78
70.3425,6.78
71.19,6.78
72.0375,6.78
72.885,6.78
73.7325,6.78
78.8175,6.78
79.665,6.78
83.9025,6.78
87.2925,6.78
88.14,6.78
89.835,6.78
90.6825,6.78
92.3775,6.78
94.0725,6.78
97.4625,6.78
50.85,5.9325
54.24,5.9325
55.935,5.9325
57.63,5.9325
58.4775,5.9325
60.1725,5.9325
61.02,5.9325
64.41,5.9325
68.6475,5.9325
69.495,5.9325
74.58,5.9325
75.4275,5.9325
76.275,5.9325
77.1225,5.9325
77.97,5.9325
80.5125,5.9325
81.36,5.9325
82.2075,5.9325
83.055,5.9325
84.75,5.9325
85.5975,5.9325
86.445,5.9325
88.9875,5.9325
91.53,5.9325
93.225,5.9325
94.92,5.9325
95.7675,5.9325
96.615,5.9325
98.31,5.9325
50.0025,5.085
51.6975,5.085
52.545,5.085
53.3925,5.085
55.0875,5.085
56.7825,5.085
59.325,5.085
61.8675,5.085
62.715,5.085
63.5625,5.085
65.2575,5.085
66.105,5.085
66.9525,5.085
67.8,5.085
70.3425,5.085
71.19,5.085
72.0375,5.085
72.885,5.085
73.7325,5.085
78.8175,5.085
79.665,5.085
83.9025,5.085
87.2925,5.085
88.14,5.085
89.835,5.085
90.6825,5.085
92.3775,5.085
94.0725,5.085
97.4625,5.085
50.85,4.2375
54.24,4.2375
55.935,4.2375
57.63,4.2375
58.4775,4.2375
60.1725,4.2375
61.02,4.2375
64.41,4.2375
68.6475,4.2375
69.495,4.2375
74.58,4.2375
75.4275,4.2375
76.275,4.2375
77.1225,4.2375
77.97,4.2375
80.5125,4.2375
81.36,4.2375
82.2075,4.2375
83.055,4.2375
84.75,4.2375
85.5975,4.2375
86.445,4.2375
88.9875,4.2375
91.53,4.2375
93.225,4.2375
94.92,4.2375
95.7675,4.2375
96.615,4.2375
98.31,4.2375
50.0025,3.39
51.6975,3.39
52.545,3.39
53.3925,3.39
55.0875,3.39
56.7825,3.39
59.325,3.39
61.8675,3.39
62.715,3.39
63.5625,3.39
65.2575,3.39
66.105,3.39
66.9525,3.39
67.8,3.39
70.3425,3.39
71.19,3.39
72.0375,3.39
72.885,3.39
73.7325,3.39
78.8175,3.39
79.665,3.39
83.9025,3.39
87.2925,3.39
88.14,3.39
89.835,3.39
90.6825,3.39
92.3775,3.39
94.0725,3.39
97.4625,3.39
50.0025,2.5425
51.6975,2.5425
52.545,2.5425
53.3925,2.5425
55.0875,2.5425
56.7825,2.5425
59.325,2.5425
61.8675,2.5425
62.715,2.5425
63.5625,2.5425
65.2575,2.5425
66.105,2.5425
66.9525,2.5425
67.8,2.5425
70.3425,2.5425
71.19,2.5425
72.0375,2.5425
72.885,2.5425
73.7325,2.5425
78.8175,2.5425
79.665,2.5425
83.9025,2.5425
87.2925,2.5425
88.14,2.5425
89.835,2.5425
90.6825,2.5425
92.3775,2.5425
94.0725,2.5425
97.4625,2.5425
50.0025,1.695
51.6975,1.695
52.545,1.695
53.3925,1.695
55.0875,1.695
56.7825,1.695
59.325,1.695
61.8675,1.695
62.715,1.695
63.5625,1.695
65.2575,1.695
66.105,1.695
66.9525,1.695
67.8,1.695
70.3425,1.695
71.19,1.695
72.0375,1.695
72.885,1.695
73.7325,1.695
78.8175,1.695
79.665,1.695
83.9025,1.695
87.2925,1.695
88.14,1.695
89.835,1.695
90.6825,1.695
92.3775,1.695
94.0725,1.695
97.4625,1.695
50.85,0.8475
54.24,0.8475
55.935,0.8475
57.63,0.8475
58.4775,0.8475
60.1725,0.8475
61.02,0.8475
64.41,0.8475
68.6475,0.8475
69.495,0.8475
74.58,0.8475
75.4275,0.8475
76.275,0.8475
77.1225,0.8475
77.97,0.8475
80.5125,0.8475
81.36,0.8475
82.2075,0.8475
83.055,0.8475
84.75,0.8475
85.5975,0.8475
86.445,0.8475
88.9875,0.8475
91.53,0.8475
93.225,0.8475
94.92,0.8475
95.7675,0.8475
96.615,0.8475
98.31,0.8475
50.0025,0.0
51.6975,0.0
52.545,0.0
53.3925,0.0
55.0875,0.0
56.7825,0.0
59.325,0.0
61.8675,0.0
62.715,0.0
63.5625,0.0
65.2575,0.0
66.105,0.0
66.9525,0.0
67.8,0.0
70.3425,0.0
71.19,0.0
72.0375,0.0
72.885,0.0
73.7325,0.0
78.8175,0.0
79.665,0.0
83.9025,0.0
87.2925,0.0
88.14,0.0
89.835,0.0
90.6825,0.0
92.3775,0.0
94.0725,0.0
97.4625,0.0
49.155,99.1575
50.0025,99.1575
50.85,99.1575
51.6975,99.1575
52.545,99.1575
53.3925,99.1575
54.24,99.1575
55.0875,99.1575
55.935,99.1575
56.7825,99.1575
57.63,99.1575
58.4775,99.1575
59.325,99.1575
60.1725,99.1575
61.02,99.1575
61.8675,99.1575
62.715,99.1575
63.5625,99.1575
64.41,99.1575
65.2575,99.1575
66.105,99.1575
66.9525,99.1575
67.8,99.1575
68.6475,99.1575
69.495,99.1575
70.3425,99.1575
71.19,99.1575
72.0375,99.1575
72.885,99.1575
73.7325,99.1575
74.58,99.1575
75.4275,99.1575
76.275,99.1575
77.1225,99.1575
77.97,99.1575
78.8175,99.1575
79.665,99.1575
80.5125,99.1575
81.36,99.1575
82.2075,99.1575
83.055,99.1575
83.9025,99.1575
84.75,99.1575
85.5975,99.1575
86.445,99.1575
87.2925,99.1575
88.14,99.1575
88.9875,99.1575
89.835,99.1575
90.6825,99.1575
91.53,99.1575
92.3775,99.1575
93.225,99.1575
94.0725,99.1575
94.92,99.1575
95.7675,99.1575
96.615,99.1575
97.4625,99.1575
98.31,99.1575
50.85,98.31
54.24,98.31
55.935,98.31
57.63,98.31
58.4775,98.31
60.1725,98.31
61.02,98.31
64.41,98.31
68.6475,98.31
69.495,98.31
74.58,98.31
75.4275,98.31
76.275,98.31
77.1225,98.31
77.97,98.31
80.5125,98.31
81.36,98.31
82.2075,98.31
83.055,98.31
84.75,98.31
85.5975,98.31
86.445,98.31
88.9875,98.31
91.53,98.31
93.225,98.31
94.92,98.31
95.7675,98.31
96.615,98.31
98.31,98.31
50.0025,97.4625
51.6975,97.4625
52.545,97.4625
53.3925,97.4625
55.0875,97.4625
56.7825,97.4625
59.325,97.4625
61.8675,97.4625
62.715,97.4625
63.5625,97.4625
65.2575,97.4625
66.105,97.4625
66.9525,97.4625
67.8,97.4625
70.3425,97.4625
71.19,97.4625
72.0375,97.4625
72.885,97.4625
73.7325,97.4625
78.8175,97.4625
79.665,97.4625
83.9025,97.4625
87.2925,97.4625
88.14,97.4625
89.835,97.4625
90.6825,97.4625
92.3775,97.4625
94.0725,97.4625
97.4625,97.4625
50.85,96.615
54.24,96.615
55.935,96.615
57.63,96.615
58.4775,96.615
60.1725,96.615
61.02,96.615
64.41,96.615
68.6475,96.615
69.495,96.615
74.58,96.615
75.4275,96.615
76.275,96.615
77.1225,96.615
77.97,96.615
80.5125,96.615
81.36,96.615
82.2075,96.615
83.055,96.615
84.75,96.615
85.5975,96.615
86.445,96.615
88.9875,96.615
91.53,96.615
93.225,96.615
94.92,96.615
95.7675,96.615
96.615,96.615
98.31,96.615
50.85,95.7675
54.24,95.7675
55.935,95.7675
57.63,95.7675
58.4775,95.7675
60.1725,95.7675
61.02,95.7675
64.41,95.7675
68.6475,95.7675
69.495,95.7675
74.58,95.7675
75.4275,95.7675
76.275,95.7675
77.1225,95.7675
77.97,95.7675
80.5125,95.7675
81.36,95.7675
82.2075,95.7675
83.055,95.7675
84.75,95.7675
85.5975,95.7675
86.445,95.7675
88.9875,95.7675
91.53,95.7675
93.225,95.7675
94.92,95.7675
95.7675,95.7675
96.615,95.7675
98.31,95.7675
50.85,94.92
54.24,94.92
55.935,94.92
57.63,94.92
58.4775,94.92
60.1725,94.92
61.02,94.92
64.41,94.92
68.6475,94.92
69.495,94.92
74.58,94.92
75.4275,94.92
76.275,94.92
77.1225,94.92
77.97,94.92
80.5125,94.92
81.36,94.92
82.2075,94.92
83.055,94.92
84.75,94.92
85.5975,94.92
86.445,94.92
88.9875,94.92
91.53,94.92
93.225,94.92
94.92,94.92
95.7675,94.92
96.615,94.92
98.31,94.92
50.0025,94.0725
51.6975,94.0725
52.545,94.0725
53.3925,94.0725
55.0875,94.0725
56.7825,94.0725
59.325,94.0725
61.8675,94.0725
62.715,94.0725
63.5625,94.0725
65.2575,94.0725
66.105,94.0725
66.9525,94.0725
67.8,94.0725
70.3425,94.0725
71.19,94.0725
72.0375,94.0725
72.885,94.0725
73.7325,94.0725
78.8175,94.0725
79.665,94.0725
83.9025,94.0725
87.2925,94.0725
88.14,94.0725
89.835,94.0725
90.6825,94.0725
92.3775,94.0725
94.0725,94.0725
97.4625,94.0725
50.85,93.225
54.24,93.225
55.935,93.225
57.63,93.225
58.4775,93.225
60.1725,93.225
61.02,93.225
64.41,93.225
68.6475,93.225
69.495,93.225
74.58,93.225
75.4275,93.225
76.275,93.225
77.1225,93.225
77.97,93.225
80.5125,93.225
81.36,93.225
82.2075,93.225
83.055,93.225
84.75,93.225
85.5975,93.225
86.445,93.225
88.9875,93.225
91.53,93.225
93.225,93.225
94.92,93.225
95.7675,93.225
96.615,93.225
98.31,93.225
50.0025,92.3775
51.6975,92.3775
52.545,92.3775
53.3925,92.3775
55.0875,92.3775
56.7825,92.3775
59.325,92.3775
61.8675,92.3775
62.715,92.3775
63.5625,92.3775
65.2575,92.3775
66.105,92.3775
66.9525,92.3775
67.8,92.3775
70.3425,92.3775
71.19,92.3775
72.0375,92.3775
72.885,92.3775
73.7325,92.3775
78.8175,92.3775
79.665,92.3775
83.9025,92.3775
87.2925,92.3775
88.14,92.3775
89.835,92.3775
90.6825,92.3775
92.3775,92.3775
94.0725,92.3775
97.4625,92.3775
50.85,91.53
54.24,91.53
55.935,91.53
57.63,91.53
58.4775,91.53
60.1725,91.53
61.02,91.53
64.41,91.53
68.6475,91.53
69.495,91.53
74.58,91.53
75.4275,91.53
76.275,91.53
77.1225,91.53
77.97,91.53
80.5125,91.53
81.36,91.53
82.2075,91.53
83.055,91.53
84.75,91.53
85.5975,91.53
86.445,91.53
88.9875,91.53
91.53,91.53
93.225,91.53
94.92,91.53
95.7675,91.53
96.615,91.53
98.31,91.53
50.0025,90.6825
51.6975,90.6825
52.545,90.6825
53.3925,90.6825
55.0875,90.6825
56.7825,90.6825
59.325,90.6825
61.8675,90.6825
62.715,90.6825
63.5625,90.6825
65.2575,90.6825
66.105,90.6825
66.9525,90.6825
67.8,90.6825
70.3425,90.6825
71.19,90.6825
72.0375,90.6825
72.885,90.6825
73.7325,90.6825
78.8175,90.6825
79.665,90.6825
83.9025,90.6825
87.2925,90.6825
88.14,90.6825
89.835,90.6825
90.6825,90.6825
92.3775,90.6825
94.0725,90.6825
97.4625,90.6825
50.0025,89.835
51.6975,89.835
52.545,89.835
53.3925,89.835
55.0875,89.835
56.7825,89.835
59.325,89.835
61.8675,89.835
62.715,89.835
63.5625,89.835
65.2575,89.835
66.105,89.835
66.9525,89.835
67.8,89.835
70.3425,89.835
71.19,89.835
72.0375,89.835
72.885,89.835
73.7325,89.835
78.8175,89.835
79.665,89.835
83.9025,89.835
87.2925,89.835
88.14,89.835
89.835,89.835
90.6825,89.835
92.3775,89.835
94.0725,89.835
97.4625,89.835
50.85,88.9875
54.24,88.9875
55.935,88.9875
57.63,88.9875
58.4775,88.9875
60.1725,88.9875
61.02,88.9875
64.41,88.9875
68.6475,88.9875
69.495,88.9875
74.58,88.9875
75.4275,88.9875
76.275,88.9875
77.1225,88.9875
77.97,88.9875
80.5125,88.9875
81.36,88.9875
82.2075,88.9875
83.055,88.9875
84.75,88.9875
85.5975,88.9875
86.445,88.9875
88.9875,88.9875
91.53,88.9875
93.225,88.9875
94.92,88.9875
95.7675,88.9875
96.615,88.9875
98.31,88.9875
50.0025,88.14
51.6975,88.14
52.545,88.14
53.3925,88.14
55.0875,88.14
56.7825,88.14
59.325,88.14
61.8675,88.14
62.715,88.14
63.5625,88.14
65.2575,88.14
66.105,88.14
66.9525,88.14
67.8,88.14
70.3425,88.14
71.19,88.14
72.0375,88.14
72.885,88.14
73.7325,88.14
78.8175,88.14
79.665,88.14
83.9025,88.14
87.2925,88.14
88.14,88.14
89.835,88.14
90.6825,88.14
92.3775,88.14
94.0725,88.14
97.4625,88.14
50.0025,87.2925
51.6975,87.2925
52.545,87.2925
53.3925,87.2925
55.0875,87.2925
56.7825,87.2925
59.325,87.2925
61.8675,87.2925
62.715,87.2925
63.5625,87.2925
65.2575,87.2925
66.105,87.2925
66.9525,87.2925
67.8,87.2925
70.3425,87.2925
71.19,87.2925
72.0375,87.2925
72.885,87.2925
73.7325,87.2925
78.8175,87.2925
79.665,87.2925
83.9025,87.2925
87.2925,87.2925
88.14,87.2925
89.835,87.2925
90.6825,87.2925
92.3775,87.2925
94.0725,87.2925
97.4625,87.2925
50.85,86.445
54.24,86.445
55.935,86.445
57.63,86.445
58.4775,86.445
60.1725,86.445
61.02,86.445
64.41,86.445
68.6475,86.445
69.495,86.445
74.58,86.445
75.4275,86.445
76.275,86.445
77.1225,86.445
77.97,86.445
80.5125,86.445
81.36,86.445
82.2075,86.445
83.055,86.445
84.75,86.445
85.5975,86.445
86.445,86.445
88.9875,86.445
91.53,86.445
93.225,86.445
94.92,86.445
95.7675,86.445
96.615,86.445
98.31,86.445
50.85,85.5975
54.24,85.5975
55.935,85.5975
57.63,85.5975
58.4775,85.5975
60.1725,85.5975
61.02,85.5975
64.41,85.5975
68.6475,85.5975
69.495,85.5975
74.58,85.5975
75.4275,85.5975
76.275,85.5975
77.1225,85.5975
77.97,85.5975
80.5125,85.5975
81.36,85.5975
82.2075,85.5975
83.055,85.5975
84.75,85.5975
85.5975,85.5975
86.445,85.5975
88.9875,85.5975
91.53,85.5975
93.225,85.5975
94.92,85.5975
95.7675,85.5975
96.615,85.5975
98.31,85.5975
50.85,84.75
54.24,84.75
55.935,84.75
57.63,84.75
58.4775,84.75
60.1725,84.75
61.02,84.75
64.41,84.75
68.6475,84.75
69.495,84.75
74.58,84.75
75.4275,84.75
76.275,84.75
77.1225,84.75
77.97,84.75
80.5125,84.75
81.36,84.75
82.2075,84.75
83.055,84.75
84.75,84.75
85.5975,84.75
86.445,84.75
88.9875,84.75
91.53,84.75
93.225,84.75
94.92,84.75
95.7675,84.75
96.615,84.75
98.31,84.75
50.0025,83.9025
51.6975,83.9025
52.545,83.9025
53.3925,83.9025
55.0875,83.9025
56.7825,83.9025
59.325,83.9025
61.8675,83.9025
62.715,83.9025
63.5625,83.9025
65.2575,83.9025
66.105,83.9025
66.9525,83.9025
67.8,83.9025
70.3425,83.9025
71.19,83.9025
72.0375,83.9025
72.885,83.9025
73.7325,83.9025
78.8175,83.9025
79.665,83.9025
83.9025,83.9025
87.2925,83.9025
88.14,83.9025
89.835,83.9025
90.6825,83.9025
92.3775,83.9025
94.0725,83.9025
97.4625,83.9025
50.85,83.055
54.24,83.055
55.935,83.055
57.63,83.055
58.4775,83.055
60.1725,83.055
61.02,83.055
64.41,83.055
68.6475,83.055
69.495,83.055
74.58,83.055
75.4275,83.055
76.275,83.055
77.1225,83.055
77.97,83.055
80.5125,83.055
81.36,83.055
82.2075,83.055
83.055,83.055
84.75,83.055
85.5975,83.055
86.445,83.055
88.9875,83.055
91.53,83.055
93.225,83.055
94.92,83.055
95.7675,83.055
96.615,83.055
98.31,83.055
50.85,82.2075
54.24,82.2075
55.935,82.2075
57.63,82.2075
58.4775,82.2075
60.1725,82.2075
61.02,82.2075
64.41,82.2075
68.6475,82.2075
69.495,82.2075
74.58,82.2075
75.4275,82.2075
76.275,82.2075
77.1225,82.2075
77.97,82.2075
80.5125,82.2075
81.36,82.2075
82.2075,82.2075
83.055,82.2075
84.75,82.2075
85.5975,82.2075
86.445,82.2075
88.9875,82.2075
91.53,82.2075
93.225,82.2075
94.92,82.2075
95.7675,82.2075
96.615,82.2075
98.31,82.2075
50.85,81.36
54.24,81.36
55.935,81.36
57.63,81.36
58.4775,81.36
60.1725,81.36
61.02,81.36
64.41,81.36
68.6475,81.36
69.495,81.36
74.58,81.36
75.4275,81.36
76.275,81.36
77.1225,81.36
77.97,81.36
80.5125,81.36
81.36,81.36
82.2075,81.36
83.055,81.36
84.75,81.36
85.5975,81.36
86.445,81.36
88.9875,81.36
91.53,81.36
93.225,81.36
94.92,81.36
95.7675,81.36
96.615,81.36
98.31,81.36
50.85,80.5125
54.24,80.5125
55.935,80.5125
57.63,80.5125
58.4775,80.5125
60.1725,80.5125
61.02,80.5125
64.41,80.5125
68.6475,80.5125
69.495,80.5125
74.58,80.5125
75.4275,80.5125
76.275,80.5125
77.1225,80.5125
77.97,80.5125
80.5125,80.5125
81.36,80.5125
82.2075,80.5125
83.055,80.5125
84.75,80.5125
85.5975,80.5125
86.445,80.5125
88.9875,80.5125
91.53,80.5125
93.225,80.5125
94.92,80.5125
95.7675,80.5125
96.615,80.5125
98.31,80.5125
50.0025,79.665
51.6975,79.665
52.545,79.665
53.3925,79.665
55.0875,79.665
56.7825,79.665
59.325,79.665
61.8675,79.665
62.715,79.665
63.5625,79.665
65.2575,79.665
66.105,79.665
66.9525,79.665
67.8,79.665
70.3425,79.665
71.19,79.665
72.0375,79.665
72.885,79.665
73.7325,79.665
78.8175,79.665
79.665,79.665
83.9025,79.665
87.2925,79.665
88.14,79.665
89.835,79.665
90.6825,79.665
92.3775,79.665
94.0725,79.665
97.4625,79.665
50.0025,78.8175
51.6975,78.8175
52.545,78.8175
53.3925,78.8175
55.0875,78.8175
56.7825,78.8175
59.325,78.8175
61.8675,78.8175
62.715,78.8175
63.5625,78.8175
65.2575,78.8175
66.105,78.8175
66.9525,78.8175
67.8,78.8175
70.3425,78.8175
71.19,78.8175
72.0375,78.8175
72.885,78.8175
73.7325,78.8175
78.8175,78.8175
79.665,78.8175
83.9025,78.8175
87.2925,78.8175
88.14,78.8175
89.835,78.8175
90.6825,78.8175
92.3775,78.8175
94.0725,78.8175
97.4625,78.8175
50.85,77.97
54.24,77.97
55.935,77.97
57.63,77.97
58.4775,77.97
60.1725,77.97
61.02,77.97
64.41,77.97
68.6475,77.97
69.495,77.97
74.58,77.97
75.4275,77.97
76.275,77.97
77.1225,77.97
77.97,77.97
80.5125,77.97
81.36,77.97
82.2075,77.97
83.055,77.97
84.75,77.97
85.5975,77.97
86.445,77.97
88.9875,77.97
91.53,77.97
93.225,77.97
94.92,77.97
95.7675,77.97
96.615,77.97
98.31,77.97
50.85,77.1225
54.24,77.1225
55.935,77.1225
57.63,77.1225
58.4775,77.1225
60.1725,77.1225
61.02,77.1225
64.41,77.1225
68.6475,77.1225
69.495,77.1225
74.58,77.1225
75.4275,77.1225
76.275,77.1225
77.1225,77.1225
77.97,77.1225
80.5125,77.1225
81.36,77.1225
82.2075,77.1225
83.055,77.1225
84.75,77.1225
85.5975,77.1225
86.445,77.1225
88.9875,77.1225
91.53,77.1225
93.225,77.1225
94.92,77.1225
95.7675,77.1225
96.615,77.1225
98.31,77.1225
50.85,76.275
54.24,76.275
55.935,76.275
57.63,76.275
58.4775,76.275
60.1725,76.275
61.02,76.275
64.41,76.275
68.6475,76.275
69.495,76.275
74.58,76.275
75.4275,76.275
76.275,76.275
77.1225,76.275
77.97,76.275
80.5125,76.275
81.36,76.275
82.2075,76.275
83.055,76.275
84.75,76.275
85.5975,76.275
86.445,76.275
88.9875,76.275
91.53,76.275
93.225,76.275
94.92,76.275
95.7675,76.275
96.615,76.275
98.31,76.275
50.85,75.4275
54.24,75.4275
55.935,75.4275
57.63,75.4275
58.4775,75.4275
60.1725,75.4275
61.02,75.4275
64.41,75.4275
68.6475,75.4275
69.495,75.4275
74.58,75.4275
75.4275,75.4275
76.275,75.4275
77.1225,75.4275
77.97,75.4275
80.5125,75.4275
81.36,75.4275
82.2075,75.4275
83.055,75.4275
84.75,75.4275
85.5975,75.4275
86.445,75.4275
88.9875,75.4275
91.53,75.4275
93.225,75.4275
94.92,75.4275
95.7675,75.4275
96.615,75.4275
98.31,75.4275
50.85,74.58
54.24,74.58
55.935,74.58
57.63,74.58
58.4775,74.58
60.1725,74.58
61.02,74.58
64.41,74.58
68.6475,74.58
69.495,74.58
74.58,74.58
75.4275,74.58
76.275,74.58
77.1225,74.58
77.97,74.58
80.5125,74.58
81.36,74.58
82.2075,74.58
83.055,74.58
84.75,74.58
85.5975,74.58
86.445,74.58
88.9875,74.58
91.53,74.58
93.225,74.58
94.92,74.58
95.7675,74.58
96.615,74.58
98.31,74.58
50.0025,73.7325
51.6975,73.7325
52.545,73.7325
53.3925,73.7325
55.0875,73.7325
56.7825,73.7325
59.325,73.7325
61.8675,73.7325
62.715,73.7325
63.5625,73.7325
65.2575,73.7325
66.105,73.7325
66.9525,73.7325
67.8,73.7325
70.3425,73.7325
71.19,73.7325
72.0375,73.7325
72.885,73.7325
73.7325,73.7325
78.8175,73.7325
79.665,73.7325
83.9025,73.7325
87.2925,73.7325
88.14,73.7325
89.835,73.7325
90.6825,73.7325
92.3775,73.7325
94.0725,73.7325
97.4625,73.7325
50.0025,72.885
51.6975,72.885
52.545,72.885
53.3925,72.885
55.0875,72.885
56.7825,72.885
59.325,72.885
61.8675,72.885
62.715,72.885
63.5625,72.885
65.2575,72.885
66.105,72.885
66.9525,72.885
67.8,72.885
70.3425,72.885
71.19,72.885
72.0375,72.885
72.885,72.885
73.7325,72.885
78.8175,72.885
79.665,72.885
83.9025,72.885
87.2925,72.885
88.14,72.885
89.835,72.885
90.6825,72.885
92.3775,72.885
94.0725,72.885
97.4625,72.885
50.0025,72.0375
51.6975,72.0375
52.545,72.0375
53.3925,72.0375
55.0875,72.0375
56.7825,72.0375
59.325,72.0375
61.8675,72.0375
62.715,72.0375
63.5625,72.0375
65.2575,72.0375
66.105,72.0375
66.9525,72.0375
67.8,72.0375
70.3425,72.0375
71.19,72.0375
72.0375,72.0375
72.885,72.0375
73.7325,72.0375
78.8175,72.0375
79.665,72.0375
83.9025,72.0375
87.2925,72.0375
88.14,72.0375
89.835,72.0375
90.6825,72.0375
92.3775,72.0375
94.0725,72.0375
97.4625,72.0375
50.0025,71.19
51.6975,71.19
52.545,71.19
53.3925,71.19
55.0875,71.19
56.7825,71.19
59.325,71.19
61.8675,71.19
62.715,71.19
63.5625,71.19
65.2575,71.19
66.105,71.19
66.9525,71.19
67.8,71.19
70.3425,71.19
71.19,71.19
72.0375,71.19
72.885,71.19
73.7325,71.19
78.8175,71.19
79.665,71.19
83.9025,71.19
87.2925,71.19
88.14,71.19
89.835,71.19
90.6825,71.19
92.3775,71.19
94.0725,71.19
97.4625,71.19
50.0025,70.3425
51.6975,70.3425
52.545,70.3425
53.3925,70.3425
55.0875,70.3425
56.7825,70.3425
59.325,70.3425
61.8675,70.3425
62.715,70.3425
63.5625,70.3425
65.2575,70.3425
66.105,70.3425
66.9525,70.3425
67.8,70.3425
70.3425,70.3425
71.19,70.3425
72.0375,70.3425
72.885,70.3425
73.7325,70.3425
78.8175,70.3425
79.665,70.3425
83.9025,70.3425
87.2925,70.3425
88.14,70.3425
89.835,70.3425
90.6825,70.3425
92.3775,70.3425
94.0725,70.3425
97.4625,70.3425
50.85,69.495
54.24,69.495
55.935,69.495
57.63,69.495
58.4775,69.495
60.1725,69.495
61.02,69.495
64.41,69.495
68.6475,69.495
69.495,69.495
74.58,69.495
75.4275,69.495
76.275,69.495
77.1225,69.495
77.97,69.495
80.5125,69.495
81.36,69.495
82.2075,69.495
83.055,69.495
84.75,69.495
85.5975,69.495
86.445,69.495
88.9875,69.495
91.53,69.495
93.225,69.495
94.92,69.495
95.7675,69.495
96.615,69.495
98.31,69.495
50.85,68.6475
54.24,68.6475
55.935,68.6475
57.63,68.6475
58.4775,68.6475
60.1725,68.6475
61.02,68.6475
64.41,68.6475
68.6475,68.6475
69.495,68.6475
74.58,68.6475
75.4275,68.6475
76.275,68.6475
77.1225,68.6475
77.97,68.6475
80.5125,68.6475
81.36,68.6475
82.2075,68.6475
83.055,68.6475
84.75,68.6475
85.5975,68.6475
86.445,68.6475
88.9875,68.6475
91.53,68.6475
93.225,68.6475
94.92,68.6475
95.7675,68.6475
96.615,68.6475
98.31,68.6475
50.0025,67.8
51.6975,67.8
52.545,67.8
53.3925,67.8
55.0875,67.8
56.7825,67.8
59.325,67.8
61.8675,67.8
62.715,67.8
63.5625,67.8
65.2575,67.8
66.105,67.8
66.9525,67.8
67.8,67.8
70.3425,67.8
71.19,67.8
72.0375,67.8
72.885,67.8
73.7325,67.8
78.8175,67.8
79.665,67.8
83.9025,67.8
87.2925,67.8
88.14,67.8
89.835,67.8
90.6825,67.8
92.3775,67.8
94.0725,67.8
97.4625,67.8
50.0025,66.9525
51.6975,66.9525
52.545,66.9525
53.3925,66.9525
55.0875,66.9525
56.7825,66.9525
59.325,66.9525
61.8675,66.9525
62.715,66.9525
63.5625,66.9525
65.2575,66.9525
66.105,66.9525
66.9525,66.9525
67.8,66.9525
70.3425,66.9525
71.19,66.9525
72.0375,66.9525
72.885,66.9525
73.7325,66.9525
78.8175,66.9525
79.665,66.9525
83.9025,66.9525
87.2925,66.9525
88.14,66.9525
89.835,66.9525
90.6825,66.9525
92.3775,66.9525
94.0725,66.9525
97.4625,66.9525
50.0025,66.105
51.6975,66.105
52.545,66.105
53.3925,66.105
55.0875,66.105
56.7825,66.105
59.325,66.105
61.8675,66.105
62.715,66.105
63.5625,66.105
65.2575,66.105
66.105,66.105
66.9525,66.105
67.8,66.105
70.3425,66.105
71.19,66.105
72.0375,66.105
72.885,66.105
73.7325,66.105
78.8175,66.105
79.665,66.105
83.9025,66.105
87.2925,66.105
88.14,66.105
89.835,66.105
90.6825,66.105
92.3775,66.105
94.0725,66.105
97.4625,66.105
50.0025,65.2575
51.6975,65.2575
52.545,65.2575
53.3925,65.2575
55.0875,65.2575
56.7825,65.2575
59.325,65.2575
61.8675,65.2575
62.715,65.2575
63.5625,65.2575
65.2575,65.2575
66.105,65.2575
66.9525,65.2575
67.8,65.2575
70.3425,65.2575
71.19,65.2575
72.0375,65.2575
72.885,65.2575
73.7325,65.2575
78.8175,65.2575
79.665,65.2575
83.9025,65.2575
87.2925,65.2575
88.14,65.2575
89.835,65.2575
90.6825,65.2575
92.3775,65.2575
94.0725,65.2575
97.4625,65.2575
50.85,64.41
54.24,64.41
55.935,64.41
57.63,64.41
58.4775,64.41
60.1725,64.41
61.02,64.41
64.41,64.41
68.6475,64.41
69.495,64.41
74.58,64.41
75.4275,64.41
76.275,64.41
77.1225,64.41
77.97,64.41
80.5125,64.41
81.36,64.41
82.2075,64.41
83.055,64.41
84.75,64.41
85.5975,64.41
86.445,64.41
88.9875,64.41
91.53,64.41
93.225,64.41
94.92,64.41
95.7675,64.41
96.615,64.41
98.31,64.41
50.0025,63.5625
51.6975,63.5625
52.545,63.5625
53.3925,63.5625
55.0875,63.5625
56.7825,63.5625
59.325,63.5625
61.8675,63.5625
62.715,63.5625
63.5625,63.5625
65.2575,63.5625
66.105,63.5625
66.9525,63.5625
67.8,63.5625
70.3425,63.5625
71.19,63.5625
72.0375,63.5625
72.885,63.5625
73.7325,63.5625
78.8175,63.5625
79.665,63.5625
83.9025,63.5625
87.2925,63.5625
88.14,63.5625
89.835,63.5625
90.6825,63.5625
92.3775,63.5625
94.0725,63.5625
97.4625,63.5625
50.0025,62.715
51.6975,62.715
52.545,62.715
53.3925,62.715
55.0875,62.715
56.7825,62.715
59.325,62.715
61.8675,62.715
62.715,62.715
63.5625,62.715
65.2575,62.715
66.105,62.715
66.9525,62.715
67.8,62.715
70.3425,62.715
71.19,62.715
72.0375,62.715
72.885,62.715
73.7325,62.715
78.8175,62.715
79.665,62.715
83.9025,62.715
87.2925,62.715
88.14,62.715
89.835,62.715
90.6825,62.715
92.3775,62.715
94.0725,62.715
97.4625,62.715
50.0025,61.8675
51.6975,61.8675
52.545,61.8675
53.3925,61.8675
55.0875,61.8675
56.7825,61.8675
59.325,61.8675
61.8675,61.8675
62.715,61.8675
63.5625,61.8675
65.2575,61.8675
66.105,61.8675
66.9525,61.8675
67.8,61.8675
70.3425,61.8675
71.19,61.8675
72.0375,61.8675
72.885,61.8675
73.7325,61.8675
78.8175,61.8675
79.665,61.8675
83.9025,61.8675
87.2925,61.8675
88.14,61.8675
89.835,61.8675
90.6825,61.8675
92.3775,61.8675
94.0725,61.8675
97.4625,61.8675
50.85,61.02
54.24,61.02
55.935,61.02
57.63,61.02
58.4775,61.02
60.1725,61.02
61.02,61.02
64.41,61.02
68.6475,61.02
69.495,61.02
74.58,61.02
75.4275,61.02
76.275,61.02
77.1225,61.02
77.97,61.02
80.5125,61.02
81.36,61.02
82.2075,61.02
83.055,61.02
84.75,61.02
85.5975,61.02
86.445,61.02
88.9875,61.02
91.53,61.02
93.225,61.02
94.92,61.02
95.7675,61.02
96.615,61.02
98.31,61.02
50.85,60.1725
54.24,60.1725
55.935,60.1725
57.63,60.1725
58.4775,60.1725
60.1725,60.1725
61.02,60.1725
64.41,60.1725
68.6475,60.1725
69.495,60.1725
74.58,60.1725
75.4275,60.1725
76.275,60.1725
77.1225,60.1725
77.97,60.1725
80.5125,60.1725
81.36,60.1725
82.2075,60.1725
83.055,60.1725
84.75,60.1725
85.5975,60.1725
86.445,60.1725
88.9875,60.1725
91.53,60.1725
93.225,60.1725
94.92,60.1725
95.7675,60.1725
96.615,60.1725
98.31,60.1725
50.0025,59.325
51.6975,59.325
52.545,59.325
53.3925,59.325
55.0875,59.325
56.7825,59.325
59.325,59.325
61.8675,59.325
62.715,59.325
63.5625,59.325
65.2575,59.325
66.105,59.325
66.9525,59.325
67.8,59.325
70.3425,59.325
71.19,59.325
72.0375,59.325
72.885,59.325
73.7325,59.325
78.8175,59.325
79.665,59.325
83.9025,59.325
87.2925,59.325
88.14,59.325
89.835,59.325
90.6825,59.325
92.3775,59.325
94.0725,59.325
97.4625,59.325
50.85,58.4775
54.24,58.4775
55.935,58.4775
57.63,58.4775
58.4775,58.4775
60.1725,58.4775
61.02,58.4775
64.41,58.4775
68.6475,58.4775
69.495,58.4775
74.58,58.4775
75.4275,58.4775
76.275,58.4775
77.1225,58.4775
77.97,58.4775
80.5125,58.4775
81.36,58.4775
82.2075,58.4775
83.055,58.4775
84.75,58.4775
85.5975,58.4775
86.445,58.4775
88.9875,58.4775
91.53,58.4775
93.225,58.4775
94.92,58.4775
95.7675,58.4775
96.615,58.4775
98.31,58.4775
50.85,57.63
54.24,57.63
55.935,57.63
57.63,57.63
58.4775,57.63
60.1725,57.63
61.02,57.63
64.41,57.63
68.6475,57.63
69.495,57.63
74.58,57.63
75.4275,57.63
76.275,57.63
77.1225,57.63
77.97,57.63
80.5125,57.63
81.36,57.63
82.2075,57.63
83.055,57.63
84.75,57.63
85.5975,57.63
86.445,57.63
88.9875,57.63
91.53,57.63
93.225,57.63
94.92,57.63
95.7675,57.63
96.615,57.63
98.31,57.63
50.0025,56.7825
51.6975,56.7825
52.545,56.7825
53.3925,56.7825
55.0875,56.7825
56.7825,56.7825
59.325,56.7825
61.8675,56.7825
62.715,56.7825
63.5625,56.7825
65.2575,56.7825
66.105,56.7825
66.9525,56.7825
67.8,56.7825
70.3425,56.7825
71.19,56.7825
72.0375,56.7825
72.885,56.7825
73.7325,56.7825
78.8175,56.7825
79.665,56.7825
83.9025,56.7825
87.2925,56.7825
88.14,56.7825
89.835,56.7825
90.6825,56.7825
92.3775,56.7825
94.0725,56.7825
97.4625,56.7825
50.85,55.935
54.24,55.935
55.935,55.935
57.63,55.935
58.4775,55.935
60.1725,55.935
61.02,55.935
64.41,55.935
68.6475,55.935
69.495,55.935
74.58,55.935
75.4275,55.935
76.275,55.935
77.1225,55.935
77.97,55.935
80.5125,55.935
81.36,55.935
82.2075,55.935
83.055,55.935
84.75,55.935
85.5975,55.935
86.445,55.935
88.9875,55.935
91.53,55.935
93.225,55.935
94.92,55.935
95.7675,55.935
96.615,55.935
98.31,55.935
50.0025,55.0875
51.6975,55.0875
52.545,55.0875
53.3925,55.0875
55.0875,55.0875
56.7825,55.0875
59.325,55.0875
61.8675,55.0875
62.715,55.0875
63.5625,55.0875
65.2575,55.0875
66.105,55.0875
66.9525,55.0875
67.8,55.0875
70.3425,55.0875
71.19,55.0875
72.0375,55.0875
72.885,55.0875
73.7325,55.0875
78.8175,55.0875
79.665,55.0875
83.9025,55.0875
87.2925,55.0875
88.14,55.0875
89.835,55.0875
90.6825,55.0875
92.3775,55.0875
94.0725,55.0875
97.4625,55.0875
50.85,54.24
54.24,54.24
55.935,54.24
57.63,54.24
58.4775,54.24
60.1725,54.24
61.02,54.24
64.41,54.24
68.6475,54.24
69.495,54.24
74.58,54.24
75.4275,54.24
76.275,54.24
77.1225,54.24
77.97,54.24
80.5125,54.24
81.36,54.24
82.2075,54.24
83.055,54.24
84.75,54.24
85.5975,54.24
86.445,54.24
88.9875,54.24
91.53,54.24
93.225,54.24
94.92,54.24
95.7675,54.24
96.615,54.24
98.31,54.24
50.0025,53.3925
51.6975,53.3925
52.545,53.3925
53.3925,53.3925
55.0875,53.3925
56.7825,53.3925
59.325,53.3925
61.8675,53.3925
62.715,53.3925
63.5625,53.3925
65.2575,53.3925
66.105,53.3925
66.9525,53.3925
67.8,53.3925
70.3425,53.3925
71.19,53.3925
72.0375,53.3925
72.885,53.3925
73.7325,53.3925
78.8175,53.3925
79.665,53.3925
83.9025,53.3925
87.2925,53.3925
88.14,53.3925
89.835,53.3925
90.6825,53.3925
92.3775,53.3925
94.0725,53.3925
97.4625,53.3925
50.0025,52.545
51.6975,52.545
52.545,52.545
53.3925,52.545
55.0875,52.545
56.7825,52.545
59.325,52.545
61.8675,52.545
62.715,52.545
63.5625,52.545
65.2575,52.545
66.105,52.545
66.9525,52.545
67.8,52.545
70.3425,52.545
71.19,52.545
72.0375,52.545
72.885,52.545
73.7325,52.545
78.8175,52.545
79.665,52.545
83.9025,52.545
87.2925,52.545
88.14,52.545
89.835,52.545
90.6825,52.545
92.3775,52.545
94.0725,52.545
97.4625,52.545
50.0025,51.6975
51.6975,51.6975
52.545,51.6975
53.3925,51.6975
55.0875,51.6975
56.7825,51.6975
59.325,51.6975
61.8675,51.6975
62.715,51.6975
63.5625,51.6975
65.2575,51.6975
66.105,51.6975
66.9525,51.6975
67.8,51.6975
70.3425,51.6975
71.19,51.6975
72.0375,51.6975
72.885,51.6975
73.7325,51.6975
78.8175,51.6975
79.665,51.6975
83.9025,51.6975
87.2925,51.6975
88.14,51.6975
89.835,51.6975
90.6825,51.6975
92.3775,51.6975
94.0725,51.6975
97.4625,51.6975
50.85,50.85
54.24,50.85
55.935,50.85
57.63,50.85
58.4775,50.85
60.1725,50.85
61.02,50.85
64.41,50.85
68.6475,50.85
69.495,50.85
74.58,50.85
75.4275,50.85
76.275,50.85
77.1225,50.85
77.97,50.85
80.5125,50.85
81.36,50.85
82.2075,50.85
83.055,50.85
84.75,50.85
85.5975,50.85
86.445,50.85
88.9875,50.85
91.53,50.85
93.225,50.85
94.92,50.85
95.7675,50.85
96.615,50.85
98.31,50.85
50.0025,50.0025
51.6975,50.0025
52.545,50.0025
53.3925,50.0025
55.0875,50.0025
56.7825,50.0025
59.325,50.0025
61.8675,50.0025
62.715,50.0025
63.5625,50.0025
65.2575,50.0025
66.105,50.0025
66.9525,50.0025
67.8,50.0025
70.3425,50.0025
71.19,50.0025
72.0375,50.0025
72.885,50.0025
73.7325,50.0025
78.8175,50.0025
79.665,50.0025
83.9025,50.0025
87.2925,50.0025
88.14,50.0025
89.835,50.0025
90.6825,50.0025
92.3775,50.0025
94.0725,50.0025
97.4625,50.0025
0.0,49.155
0.8475,49.155
1.695,49.155
2.5425,49.155
3.39,49.155
4.2375,49.155
5.085,49.155
5.9325,49.155
6.78,49.155
7.6275,49.155
8.475,49.155
9.3225,49.155
10.17,49.155
11.0175,49.155
11.865,49.155
12.7125,49.155
13.56,49.155
14.4075,49.155
15.255,49.155
16.1025,49.155
16.95,49.155
17.7975,49.155
18.645,49.155
19.4925,49.155
20.34,49.155
21.1875,49.155
22.035,49.155
22.8825,49.155
23.73,49.155
24.5775,49.155
25.425,49.155
26.2725,49.155
27.12,49.155
27.9675,49.155
28.815,49.155
29.6625,49.155
30.51,49.155
31.3575,49.155
32.205,49.155
33.0525,49.155
33.9,49.155
34.7475,49.155
35.595,49.155
36.4425,49.155
37.29,49.155
38.1375,49.155
38.985,49.155
39.8325,49.155
40.68,49.155
41.5275,49.155
42.375,49.155
43.2225,49.155
44.07,49.155
44.9175,49.155
45.765,49.155
46.6125,49.155
47.46,49.155
48.3075,49.155
0.8475,48.3075
4.2375,48.3075
5.9325,48.3075
7.6275,48.3075
8.475,48.3075
10.17,48.3075
11.0175,48.3075
14.4075,48.3075
18.645,48.3075
19.4925,48.3075
24.5775,48.3075
25.425,48.3075
26.2725,48.3075
27.12,48.3075
27.9675,48.3075
30.51,48.3075
31.3575,48.3075
32.205,48.3075
33.0525,48.3075
34.7475,48.3075
35.595,48.3075
36.4425,48.3075
38.985,48.3075
41.5275,48.3075
43.2225,48.3075
44.9175,48.3075
45.765,48.3075
46.6125,48.3075
48.3075,48.3075
0.0,47.46
1.695,47.46
2.5425,47.46
3.39,47.46
5.085,47.46
6.78,47.46
9.3225,47.46
11.865,47.46
12.7125,47.46
13.56,47.46
15.255,47.46
16.1025,47.46
16.95,47.46
17.7975,47.46
20.34,47.46
21.1875,47.46
22.035,47.46
22.8825,47.46
23.73,47.46
28.815,47.46
29.6625,47.46
33.9,47.46
37.29,47.46
38.1375,47.46
39.8325,47.46
40.68,47.46
42.375,47.46
44.07,47.46
47.46,47.46
0.8475,46.6125
4.2375,46.6125
5.9325,46.6125
7.6275,46.6125
8.475,46.6125
10.17,46.6125
11.0175,46.6125
14.4075,46.6125
18.645,46.6125
19.4925,46.6125
24.5775,46.6125
25.425,46.6125
26.2725,46.6125
27.12,46.6125
27.9675,46.6125
30.51,46.6125
31.3575,46.6125
32.205,46.6125
33.0525,46.6125
34.7475,46.6125
35.595,46.6125
36.4425,46.6125
38.985,46.6125
41.5275,46.6125
43.2225,46.6125
44.9175,46.6125
45.765,46.6125
46.6125,46.6125
48.3075,46.6125
0.8475,45.765
4.2375,45.765
5.9325,45.765
7.6275,45.765
8.475,45.765
10.17,45.765
11.0175,45.765
14.4075,45.765
18.645,45.765
19.4925,45.765
24.5775,45.765
25.425,45.765
26.2725,45.765
27.12,45.765
27.9675,45.765
30.51,45.765
31.3575,45.765
32.205,45.765
33.0525,45.765
34.7475,45.765
35.595,45.765
36.4425,45.765
38.985,45.765
41.5275,45.765
43.2225,45.765
44.9175,45.765
45.765,45.765
46.6125,45.765
48.3075,45.765
0.8475,44.9175
4.2375,44.9175
5.9325,44.9175
7.6275,44.9175
8.475,44.9175
10.17,44.9175
11.0175,44.9175
14.4075,44.9175
18.645,44.9175
19.4925,44.9175
24.5775,44.9175
25.425,44.9175
26.2725,44.9175
27.12,44.9175
27.9675,44.9175
30.51,44.9175
31.3575,44.9175
32.205,44.9175
33.0525,44.9175
34.7475,44.9175
35.595,44.9175
36.4425,44.9175
38.985,44.9175
41.5275,44.9175
43.2225,44.9175
44.9175,44.9175
45.765,44.9175
46.6125,44.9175
48.3075,44.9175
0.0,44.07
1.695,44.07
2.5425,44.07
3.39,44.07
5.085,44.07
6.78,44.07
9.3225,44.07
11.865,44.07
12.7125,44.07
13.56,44.07
15.255,44.07
16.1025,44.07
16.95,44.07
17.7975,44.07
20.34,44.07
21.1875,44.07
22.035,44.07
22.8825,44.07
23.73,44.07
28.815,44.07
29.6625,44.07
33.9,44.07
37.29,44.07
38.1375,44.07
39.8325,44.07
40.68,44.07
42.375,44.07
44.07,44.07
47.46,44.07
0.8475,43.2225
4.2375,43.2225
5.9325,43.2225
7.6275,43.2225
8.475,43.2225
10.17,43.2225
11.0175,43.2225
14.4075,43.2225
18.645,43.2225
19.4925,43.2225
24.5775,43.2225
25.425,43.2225
26.2725,43.2225
27.12,43.2225
27.9675,43.2225
30.51,43.2225
31.3575,43.2225
32.205,43.2225
33.0525,43.2225
34.7475,43.2225
35.595,43.2225
36.4425,43.2225
38.985,43.2225
41.5275,43.2225
43.2225,43.2225
44.9175,43.2225
45.765,43.2225
46.6125,43.2225
48.3075,43.2225
0.0,42.375
1.695,42.375
2.5425,42.375
3.39,42.375
5.085,42.375
6.78,42.375
9.3225,42.375
11.865,42.375
12.7125,42.375
13.56,42.375
15.255,42.375
16.1025,42.375
16.95,42.375
17.7975,42.375
20.34,42.375
21.1875,42.375
22.035,42.375
22.8825,42.375
23.73,42.375
28.815,42.375
29.6625,42.375
33.9,42.375
37.29,42.375
38.1375,42.375
39.8325,42.375
40.68,42.375
42.375,42.375
44.07,42.375
47.46,42.375
0.8475,41.5275
4.2375,41.5275
5.9325,41.5275
7.6275,41.5275
8.475,41.5275
10.17,41.5275
11.0175,41.5275
14.4075,41.5275
18.645,41.5275
19.4925,41.5275
24.5775,41.5275
25.425,41.5275
26.2725,41.5275
27.12,41.5275
27.9675,41.5275
30.51,41.5275
31.3575,41.5275
32.205,41.5275
33.0525,41.5275
34.7475,41.5275
35.595,41.5275
36.4425,41.5275
38.985,41.5275
41.5275,41.5275
43.2225,41.5275
44.9175,41.5275
45.765,41.5275
46.6125,41.5275
48.3075,41.5275
0.0,40.68
1.695,40.68
2.5425,40.68
3.39,40.68
5.085,40.68
6.78,40.68
9.3225,40.68
11.865,40.68
12.7125,40.68
13.56,40.68
15.255,40.68
16.1025,40.68
16.95,40.68
17.7975,40.68
20.34,40.68
21.1875,40.68
22.035,40.68
22.8825,40.68
23.73,40.68
28.815,40.68
29.6625,40.68
33.9,40.68
37.29,40.68
38.1375,40.68
39.8325,40.68
40.68,40.68
42.375,40.68
44.07,40.68
47.46,40.68
0.0,39.8325
1.695,39.8325
2.5425,39.8325
3.39,39.8325
5.085,39.8325
6.78,39.8325
9.3225,39.8325
11.865,39.8325
12.7125,39.8325
13.56,39.8325
15.255,39.8325
16.1025,39.8325
16.95,39.8325
17.7975,39.8325
20.34,39.8325
21.1875,39.8325
22.035,39.8325
22.8825,39.8325
23.73,39.8325
28.815,39.8325
29.6625,39.8325
33.9,39.8325
37.29,39.8325
38.1375,39.8325
39.8325,39.8325
40.68,39.8325
42.375,39.8325
44.07,39.8325
47.46,39.8325
0.8475,38.985
4.2375,38.985
5.9325,38.985
7.6275,38.985
8.475,38.985
10.17,38.985
11.0175,38.985
14.4075,38.985
18.645,38.985
19.4925,38.985
24.5775,38.985
25.425,38.985
26.2725,38.985
27.12,38.985
27.9675,38.985
30.51,38.985
31.3575,38.985
32.205,38.985
33.0525,38.985
34.7475,38.985
35.595,38.985
36.4425,38.985
38.985,38.985
41.5275,38.985
43.2225,38.985
44.9175,38.985
45.765,38.985
46.6125,38.985
48.3075,38.985
0.0,38.1375
1.695,38.1375
2.5425,38.1375
3.39,38.1375
5.085,38.1375
6.78,38.1375
9.3225,38.1375
11.865,38.1375
12.7125,38.1375
13.56,38.1375
15.255,38.1375
16.1025,38.1375
16.95,38.1375
17.7975,38.1375
20.34,38.1375
21.1875,38.1375
22.035,38.1375
22.8825,38.1375
23.73,38.1375
28.815,38.1375
29.6625,38.1375
33.9,38.1375
37.29,38.1375
38.1375,38.1375
39.8325,38.1375
40.68,38.1375
42.375,38.1375
44.07,38.1375
47.46,38.1375
0.0,37.29
1.695,37.29
2.5425,37.29
3.39,37.29
5.085,37.29
6.78,37.29
9.3225,37.29
11.865,37.29
12.7125,37.29
13.56,37.29
15.255,37.29
16.1025,37.29
16.95,37.29
17.7975,37.29
20.34,37.29
21.1875,37.29
22.035,37.29
22.8825,37.29
23.73,37.29
28.815,37.29
29.6625,37.29
33.9,37.29
37.29,37.29
38.1375,37.29
39.8325,37.29
40.68,37.29
42.375,37.29
44.07,37.29
47.46,37.29
0.8475,36.4425
4.2375,36.4425
5.9325,36.4425
7.6275,36.4425
8.475,36.4425
10.17,36.4425
11.0175,36.4425
14.4075,36.4425
18.645,36.4425
19.4925,36.4425
24.5775,36.4425
25.425,36.4425
26.2725,36.4425
27.12,36.4425
27.9675,36.4425
30.51,36.4425
31.3575,36.4425
32.205,36.4425
33.0525,36.4425
34.7475,36.4425
35.595,36.4425
36.4425,36.4425
38.985,36.4425
41.5275,36.4425
43.2225,36.4425
44.9175,36.4425
45.765,36.4425
46.6125,36.4425
48.3075,36.4425
0.8475,35.595
4.2375,35.595
5.9325,35.595
7.6275,35.595
8.475,35.595
10.17,35.595
11.0175,35.595
14.4075,35.595
18.645,35.595
19.4925,35.595
24.5775,35.595
25.425,35.595
26.2725,35.595
27.12,35.595
27.9675,35.595
30.51,35.595
31.3575,35.595
32.205,35.595
33.0525,35.595
34.7475,35.595
35.595,35.595
36.4425,35.595
38.985,35.595
41.5275,35.595
43.2225,35.595
44.9175,35.595
45.765,35.595
46.6125,35.595
48.3075,35.595
0.8475,34.7475
4.2375,34.7475
5.9325,34.7475
7.6275,34.7475
8.475,34.7475
10.17,34.7475
11.0175,34.7475
14.4075,34.7475
18.645,34.7475
19.4925,34.7475
24.5775,34.7475
25.425,34.7475
26.2725,34.7475
27.12,34.7475
27.9675,34.7475
30.51,34.7475
31.3575,34.7475
32.205,34.7475
33.0525,34.7475
34.7475,34.7475
35.595,34.7475
36.4425,34.7475
38.985,34.7475
41.5275,34.7475
43.2225,34.7475
44.9175,34.7475
45.765,34.7475
46.6125,34.7475
48.3075,34.7475
0.0,33.9
1.695,33.9
2.5425,33.9
3.39,33.9
5.085,33.9
6.78,33.9
9.3225,33.9
11.865,33.9
12.7125,33.9
13.56,33.9
15.255,33.9
16.1025,33.9
16.95,33.9
17.7975,33.9
20.34,33.9
21.1875,33.9
22.035,33.9
22.8825,33.9
23.73,33.9
28.815,33.9
29.6625,33.9
33.9,33.9
37.29,33.9
38.1375,33.9
39.8325,33.9
40.68,33.9
42.375,33.9
44.07,33.9
47.46,33.9
0.8475,33.0525
4.2375,33.0525
5.9325,33.0525
7.6275,33.0525
8.475,33.0525
10.17,33.0525
11.0175,33.0525
14.4075,33.0525
18.645,33.0525
19.4925,33.0525
24.5775,33.0525
25.425,33.0525
26.2725,33.0525
27.12,33.0525
27.9675,33.0525
30.51,33.0525
31.3575,33.0525
32.205,33.0525
33.0525,33.0525
34.7475,33.0525
35.595,33.0525
36.4425,33.0525
38.985,33.0525
41.5275,33.0525
43.2225,33.0525
44.9175,33.0525
45.765,33.0525
46.6125,33.0525
48.3075,33.0525
0.8475,32.205
4.2375,32.205
5.9325,32.205
7.6275,32.205
8.475,32.205
10.17,32.205
11.0175,32.205
14.4075,32.205
18.645,32.205
19.4925,32.205
24.5775,32.205
25.425,32.205
26.2725,32.205
27.12,32.205
27.9675,32.205
30.51,32.205
31.3575,32.205
32.205,32.205
33.0525,32.205
34.7475,32.205
35.595,32.205
36.4425,32.205
38.985,32.205
41.5275,32.205
43.2225,32.205
44.9175,32.205
45.765,32.205
46.6125,32.205
48.3075,32.205
0.8475,31.3575
4.2375,31.3575
5.9325,31.3575
7.6275,31.3575
8.475,31.3575
10.17,31.3575
11.0175,31.3575
14.4075,31.3575
18.645,31.3575
19.4925,31.3575
24.5775,31.3575
25.425,31.3575
26.2725,31.3575
27.12,31.3575
27.9675,31.3575
30.51,31.3575
31.3575,31.3575
32.205,31.3575
33.0525,31.3575
34.7475,31.3575
35.595,31.3575
36.4425,31.3575
38.985,31.3575
41.5275,31.3575
43.2225,31.3575
44.9175,31.3575
45.765,31.3575
46.6125,31.3575
48.3075,31.3575
0.8475,30.51
4.2375,30.51
5.9325,30.51
7.6275,30.51
8.475,30.51
10.17,30.51
11.0175,30.51
14.4075,30.51
18.645,30.51
19.4925,30.51
24.5775,30.51
25.425,30.51
26.2725,30.51
27.12,30.51
27.9675,30.51
30.51,30.51
31.3575,30.51
32.205,30.51
33.0525,30.51
34.7475,30.51
35.595,30.51
36.4425,30.51
38.985,30.51
41.5275,30.51
43.2225,30.51
44.9175,30.51
45.765,30.51
46.6125,30.51
48.3075,30.51
0.0,29.6625
1.695,29.6625
2.5425,29.6625
3.39,29.6625
5.085,29.6625
6.78,29.6625
9.3225,29.6625
11.865,29.6625
12.7125,29.6625
13.56,29.6625
15.255,29.6625
16.1025,29.6625
16.95,29.6625
17.7975,29.6625
20.34,29.6625
21.1875,29.6625
22.035,29.6625
22.8825,29.6625
23.73,29.6625
28.815,29.6625
29.6625,29.6625
33.9,29.6625
37.29,29.6625
38.1375,29.6625
39.8325,29.6625
40.68,29.6625
42.375,29.6625
44.07,29.6625
47.46,29.6625
0.0,28.815
1.695,28.815
2.5425,28.815
3.39,28.815
5.085,28.815
6.78,28.815
9.3225,28.815
11.865,28.815
12.7125,28.815
13.56,28.815
15.255,28.815
16.1025,28.815
16.95,28.815
17.7975,28.815
20.34,28.815
21.1875,28.815
22.035,28.815
22.8825,28.815
23.73,28.815
28.815,28.815
29.6625,28.815
33.9,28.815
37.29,28.815
38.1375,28.815
39.8325,28.815
40.68,28.815
42.375,28.815
44.07,28.815
47.46,28.815
0.8475,27.9675
4.2375,27.9675
5.9325,27.9675
7.6275,27.9675
8.475,27.9675
10.17,27.9675
11.0175,27.9675
14.4075,27.9675
18.645,27.9675
19.4925,27.9675
24.5775,27.9675
25.425,27.9675
26.2725,27.9675
27.12,27.9675
27.9675,27.9675
30.51,27.9675
31.3575,27.9675
32.205,27.9675
33.0525,27.9675
34.7475,27.9675
35.595,27.9675
36.4425,27.9675
38.985,27.9675
41.5275,27.9675
43.2225,27.9675
44.9175,27.9675
45.765,27.9675
46.6125,27.9675
48.3075,27.9675
0.8475,27.12
4.2375,27.12
5.9325,27.12
7.6275,27.12
8.475,27.12
10.17,27.12
11.0175,27.12
14.4075,27.12
18.645,27.12
19.4925,27.12
24.5775,27.12
25.425,27.12
26.2725,27.12
27.12,27.12
27.9675,27.12
30.51,27.12
31.3575,27.12
32.205,27.12
33.0525,27.12
34.7475,27.12
35.595,27.12
36.4425,27.12
38.985,27.12
41.5275,27.12
43.2225,27.12
44.9175,27.12
45.765,27.12
46.6125,27.12
48.3075,27.12
0.8475,26.2725
4.2375,26.2725
5.9325,26.2725
7.6275,26.2725
8.475,26.2725
10.17,26.2725
11.0175,26.2725
14.4075,26.2725
18.645,26.2725
19.4925,26.2725
24.5775,26.2725
25.425,26.2725
26.2725,26.2725
27.12,26.2725
27.9675,26.2725
30.51,26.2725
31.3575,26.2725
32.205,26.2725
33.0525,26.2725
34.7475,26.2725
35.595,26.2725
36.4425,26.2725
38.985,26.2725
41.5275,26.2725
43.2225,26.2725
44.9175,26.2725
45.765,26.2725
46.6125,26.2725
48.3075,26.2725
0.8475,25.425
4.2375,25.425
5.9325,25.425
7.6275,25.425
8.475,25.425
10.17,25.425
11.0175,25.425
14.4075,25.425
18.645,25.425
19.4925,25.425
24.5775,25.425
25.425,25.425
26.2725,25.425
27.12,25.425
27.9675,25.425
30.51,25.425
31.3575,25.425
32.205,25.425
33.0525,25.425
34.7475,25.425
35.595,25.425
36.4425,25.425
38.985,25.425
41.5275,25.425
43.2225,25.425
44.9175,25.425
45.765,25.425
46.6125,25.425
48.3075,25.425
0.8475,24.5775
4.2375,24.5775
5.9325,24.5775
7.6275,24.5775
8.475,24.5775
10.17,24.5775
11.0175,24.5775
14.4075,24.5775
18.645,24.5775
19.4925,24.5775
24.5775,24.5775
25.425,24.5775
26.2725,24.5775
27.12,24.5775
27.9675,24.5775
30.51,24.5775
31.3575,24.5775
32.205,24.5775
33.0525,24.5775
34.7475,24.5775
35.595,24.5775
36.4425,24.5775
38.985,24.5775
41.5275,24.5775
43.2225,24.5775
44.9175,24.5775
45.765,24.5775
46.6125,24.5775
48.3075,24.5775
0.0,23.73
1.695,23.73
2.5425,23.73
3.39,23.73
5.085,23.73
6.78,23.73
9.3225,23.73
11.865,23.73
12.7125,23.73
13.56,23.73
15.255,23.73
16.1025,23.73
16.95,23.73
17.7975,23.73
20.34,23.73
21.1875,23.73
22.035,23.73
22.8825,23.73
23.73,23.73
28.815,23.73
29.6625,23.73
33.9,23.73
37.29,23.73
38.1375,23.73
39.8325,23.73
40.68,23.73
42.375,23.73
44.07,23.73
47.46,23.73
0.0,22.8825
1.695,22.8825
2.5425,22.8825
3.39,22.8825
5.085,22.8825
6.78,22.8825
9.3225,22.8825
11.865,22.8825
12.7125,22.8825
13.56,22.8825
15.255,22.8825
16.1025,22.8825
16.95,22.8825
17.7975,22.8825
20.34,22.8825
21.1875,22.8825
22.035,22.8825
22.8825,22.8825
23.73,22.8825
28.815,22.8825
29.6625,22.8825
33.9,22.8825
37.29,22.8825
38.1375,22.8825
39.8325,22.8825
40.68,22.8825
42.375,22.8825
44.07,22.8825
47.46,22.8825
0.0,22.035
1.695,22.035
2.5425,22.035
3.39,22.035
5.085,22.035
6.78,22.035
9.3225,22.035
11.865,22.035
12.7125,22.035
13.56,22.035
15.255,22.035
16.1025,22.035
16.95,22.035
17.7975,22.035
20.34,22.035
21.1875,22.035
22.035,22.035
22.8825,22.035
23.73,22.035
28.815,22.035
29.6625,22.035
33.9,22.035
37.29,22.035
38.1375,22.035
39.8325,22.035
40.68,22.035
42.375,22.035
44.07,22.035
47.46,22.035
0.0,21.1875
1.695,21.1875
2.5425,21.1875
3.39,21.1875
5.085,21.1875
6.78,21.1875
9.3225,21.1875
11.865,21.1875
12.7125,21.1875
13.56,21.1875
15.255,21.1875
16.1025,21.1875
16.95,21.1875
17.7975,21.1875
20.34,21.1875
21.1875,21.1875
22.035,21.1875
22.8825,21.1875
23.73,21.1875
28.815,21.1875
29.6625,21.1875
33.9,21.1875
37.29,21.1875
38.1375,21.1875
39.8325,21.1875
40.68,21.1875
42.375,21.1875
44.07,21.1875
47.46,21.1875
0.0,20.34
1.695,20.34
2.5425,20.34
3.39,20.34
5.085,20.34
6.78,20.34
9.3225,20.34
11.865,20.34
12.7125,20.34
13.56,20.34
15.255,20.34
16.1025,20.34
16.95,20.34
17.7975,20.34
20.34,20.34
21.1875,20.34
22.035,20.34
22.8825,20.34
23.73,20.34
28.815,20.34
29.6625,20.34
33.9,20.34
37.29,20.34
38.1375,20.34
39.8325,20.34
40.68,20.34
42.375,20.34
44.07,20.34
47.46,20.34
0.8475,19.4925
4.2375,19.4925
5.9325,19.4925
7.6275,19.4925
8.475,19.4925
10.17,19.4925
11.0175,19.4925
14.4075,19.4925
18.645,19.4925
19.4925,19.4925
24.5775,19.4925
25.425,19.4925
26.2725,19.4925
27.12,19.4925
27.9675,19.4925
30.51,19.4925
31.3575,19.4925
32.205,19.4925
33.0525,19.4925
34.7475,19.4925
35.595,19.4925
36.4425,19.4925
38.985,19.4925
41.5275,19.4925
43.2225,19.4925
44.9175,19.4925
45.765,19.4925
46.6125,19.4925
48.3075,19.4925
0.8475,18.645
4.2375,18.645
5.9325,18.645
7.6275,18.645
8.475,18.645
10.17,18.645
11.0175,18.645
14.4075,18.645
18.645,18.645
19.4925,18.645
24.5775,18.645
25.425,18.645
26.2725,18.645
27.12,18.645
27.9675,18.645
30.51,18.645
31.3575,18.645
32.205,18.645
33.0525,18.645
34.7475,18.645
35.595,18.645
36.4425,18.645
38.985,18.645
41.5275,18.645
43.2225,18.645
44.9175,18.645
45.765,18.645
46.6125,18.645
48.3075,18.645
0.0,17.7975
1.695,17.7975
2.5425,17.7975
3.39,17.7975
5.085,17.7975
6.78,17.7975
9.3225,17.7975
11.865,17.7975
12.7125,17.7975
13.56,17.7975
15.255,17.7975
16.1025,17.7975
16.95,17.7975
17.7975,17.7975
20.34,17.7975
21.1875,17.7975
22.035,17.7975
22.8825,17.7975
23.73,17.7975
28.815,17.7975
29.6625,17.7975
33.9,17.7975
37.29,17.7975
38.1375,17.7975
39.8325,17.7975
40.68,17.7975
42.375,17.7975
44.07,17.7975
47.46,17.7975
0.0,16.95
1.695,16.95
2.5425,16.95
3.39,16.95
5.085,16.95
6.78,16.95
9.3225,16.95
11.865,16.95
12.7125,16.95
13.56,16.95
15.255,16.95
16.1025,16.95
16.95,16.95
17.7975,16.95
20.34,16.95
21.1875,16.95
22.035,16.95
22.8825,16.95
23.73,16.95
28.815,16.95
29.6625,16.95
33.9,16.95
37.29,16.95
38.1375,16.95
39.8325,16.95
40.68,16.95
42.375,16.95
44.07,16.95
47.46,16.95
0.0,16.1025
1.695,16.1025
2.5425,16.1025
3.39,16.1025
5.085,16.1025
6.78,16.1025
9.3225,16.1025
11.865,16.1025
12.7125,16.1025
13.56,16.1025
15.255,16.1025
16.1025,16.1025
16.95,16.1025
17.7975,16.1025
20.34,16.1025
21.1875,16.1025
22.035,16.1025
22.8825,16.1025
23.73,16.1025
28.815,16.1025
29.6625,16.1025
33.9,16.1025
37.29,16.1025
38.1375,16.1025
39.8325,16.1025
40.68,16.1025
42.375,16.1025
44.07,16.1025
47.46,16.1025
0.0,15.255
1.695,15.255
2.5425,15.255
3.39,15.255
5.085,15.255
6.78,15.255
9.3225,15.255
11.865,15.255
12.7125,15.255
13.56,15.255
15.255,15.255
16.1025,15.255
16.95,15.255
17.7975,15.255
20.34,15.255
21.1875,15.255
22.035,15.255
22.8825,15.255
23.73,15.255
28.815,15.255
29.6625,15.255
33.9,15.255
37.29,15.255
38.1375,15.255
39.8325,15.255
40.68,15.255
42.375,15.255
44.07,15.255
47.46,15.255
0.8475,14.4075
4.2375,14.4075
5.9325,14.4075
7.6275,14.4075
8.475,14.4075
10.17,14.4075
11.0175,14.4075
14.4075,14.4075
18.645,14.4075
19.4925,14.4075
24.5775,14.4075
25.425,14.4075
26.2725,14.4075
27.12,14.4075
27.9675,14.4075
30.51,14.4075
31.3575,14.4075
32.205,14.4075
33.0525,14.4075
34.7475,14.4075
35.595,14.4075
36.4425,14.4075
38.985,14.4075
41.5275,14.4075
43.2225,14.4075
44.9175,14.4075
45.765,14.4075
46.6125,14.4075
48.3075,14.4075
0.0,13.56
1.695,13.56
2.5425,13.56
3.39,13.56
5.085,13.56
6.78,13.56
9.3225,13.56
11.865,13.56
12.7125,13.56
13.56,13.56
15.255,13.56
16.1025,13.56
16.95,13.56
17.7975,13.56
20.34,13.56
21.1875,13.56
22.035,13.56
22.8825,13.56
23.73,13.56
28.815,13.56
29.6625,13.56
33.9,13.56
37.29,13.56
38.1375,13.56
39.8325,13.56
40.68,13.56
42.375,13.56
44.07,13.56
47.46,13.56
0.0,12.7125
1.695,12.7125
2.5425,12.7125
3.39,12.7125
5.085,12.7125
6.78,12.7125
9.3225,12.7125
11.865,12.7125
12.7125,12.7125
13.56,12.7125
15.255,12.7125
16.1025,12.7125
16.95,12.7125
17.7975,12.7125
20.34,12.7125
21.1875,12.7125
22.035,12.7125
22.8825,12.7125
23.73,12.7125
28.815,12.7125
29.6625,12.7125
33.9,12.7125
37.29,12.7125
38.1375,12.7125
39.8325,12.7125
40.68,12.7125
42.375,12.7125
44.07,12.7125
47.46,12.7125
0.0,11.865
1.695,11.865
2.5425,11.865
3.39,11.865
5.085,11.865
6.78,11.865
9.3225,11.865
11.865,11.865
12.7125,11.865
13.56,11.865
15.255,11.865
16.1025,11.865
16.95,11.865
17.7975,11.865
20.34,11.865
21.1875,11.865
22.035,11.865
22.8825,11.865
23.73,11.865
28.815,11.865
29.6625,11.865
33.9,11.865
37.29,11.865
38.1375,11.865
39.8325,11.865
40.68,11.865
42.375,11.865
44.07,11.865
47.46,11.865
0.8475,11.0175
4.2375,11.0175
5.9325,11.0175
7.6275,11.0175
8.475,11.0175
10.17,11.0175
11.0175,11.0175
14.4075,11.0175
18.645,11.0175
19.4925,11.0175
24.5775,11.0175
25.425,11.0175
26.2725,11.0175
27.12,11.0175
27.9675,11.0175
30.51,11.0175
31.3575,11.0175
32.205,11.0175
33.0525,11.0175
34.7475,11.0175
35.595,11.0175
36.4425,11.0175
38.985,11.0175
41.5275,11.0175
43.2225,11.0175
44.9175,11.0175
45.765,11.0175
46.6125,11.0175
48.3075,11.0175
0.8475,10.17
4.2375,10.17
5.9325,10.17
7.6275,10.17
8.475,10.17
10.17,10.17
11.0175,10.17
14.4075,10.17
18.645,10.17
19.4925,10.17
24.5775,10.17
25.425,10.17
26.2725,10.17
27.12,10.17
27.9675,10.17
30.51,10.17
31.3575,10.17
32.205,10.17
33.0525,10.17
34.7475,10.17
35.595,10.17
36.4425,10.17
38.985,10.17
41.5275,10.17
43.2225,10.17
44.9175,10.17
45.765,10.17
46.6125,10.17
48.3075,10.17
0.0,9.3225
1.695,9.3225
2.5425,9.3225
3.39,9.3225
5.085,9.3225
6.78,9.3225
9.3225,9.3225
11.865,9.3225
12.7125,9.3225
13.56,9.3225
15.255,9.3225
16.1025,9.3225
16.95,9.3225
17.7975,9.3225
20.34,9.3225
21.1875,9.3225
22.035,9.3225
22.8825,9.3225
23.73,9.3225
28.815,9.3225
29.6625,9.3225
33.9,9.3225
37.29,9.3225
38.1375,9.3225
39.8325,9.3225
40.68,9.3225
42.375,9.3225
44.07,9.3225
47.46,9.3225
0.8475,8.475
4.2375,8.475
5.9325,8.475
7.6275,8.475
8.475,8.475
10.17,8.475
11.0175,8.475
14.4075,8.475
18.645,8.475
19.4925,8.475
24.5775,8.475
25.425,8.475
26.2725,8.475
27.12,8.475
27.9675,8.475
30.51,8.475
31.3575,8.475
32.205,8.475
33.0525,8.475
34.7475,8.475
35.595,8.475
36.4425,8.475
38.985,8.475
41.5275,8.475
43.2225,8.475
44.9175,8.475
45.765,8.475
46.6125,8.475
48.3075,8.475
0.8475,7.6275
4.2375,7.6275
5.9325,7.6275
7.6275,7.6275
8.475,7.6275
10.17,7.6275
11.0175,7.6275
14.4075,7.6275
18.645,7.6275
19.4925,7.6275
24.5775,7.6275
25.425,7.6275
26.2725,7.6275
27.12,7.6275
27.9675,7.6275
30.51,7.6275
31.3575,7.6275
32.205,7.6275
33.0525,7.6275
34.7475,7.6275
35.595,7.6275
36.4425,7.6275
38.985,7.6275
41.5275,7.6275
43.2225,7.6275
44.9175,7.6275
45.765,7.6275
46.6125,7.6275
48.3075,7.6275
0.0,6.78
1.695,6.78
2.5425,6.78
3.39,6.78
5.085,6.78
6.78,6.78
9.3225,6.78
11.865,6.78
12.7125,6.78
13.56,6.78
15.255,6.78
16.1025,6.78
16.95,6.78
17.7975,6.78
20.34,6.78
21.1875,6.78
22.035,6.78
22.8825,6.78
23.73,6.78
28.815,6.78
29.6625,6.78
33.9,6.78
37.29,6.78
38.1375,6.78
39.8325,6.78
40.68,6.78
42.375,6.78
44.07,6.78
47.46,6.78
0.8475,5.9325
4.2375,5.9325
5.9325,5.9325
7.6275,5.9325
8.475,5.9325
10.17,5.9325
11.0175,5.9325
14.4075,5.9325
18.645,5.9325
19.4925,5.9325
24.5775,5.9325
25.425,5.9325
26.2725,5.9325
27.12,5.9325
27.9675,5.9325
30.51,5.9325
31.3575,5.9325
32.205,5.9325
33.0525,5.9325
34.7475,5.9325
35.595,5.9325
36.4425,5.9325
38.985,5.9325
41.5275,5.9325
43.2225,5.9325
44.9175,5.9325
45.765,5.9325
46.6125,5.9325
48.3075,5.9325
0.0,5.085
1.695,5.085
2.5425,5.085
3.39,5.085
5.085,5.085
6.78,5.085
9.3225,5.085
11.865,5.085
12.7125,5.085
13.56,5.085
15.255,5.085
16.1025,5.085
16.95,5.085
17.7975,5.085
20.34,5.085
21.1875,5.085
22.035,5.085
22.8825,5.085
23.73,5.085
28.815,5.085
29.6625,5.085
33.9,5.085
37.29,5.085
38.1375,5.085
39.8325,5.085
40.68,5.085
42.375,5.085
44.07,5.085
47.46,5.085
0.8475,4.2375
4.2375,4.2375
5.9325,4.2375
7.6275,4.2375
8.475,4.2375
10.17,4.2375
11.0175,4.2375
14.4075,4.2375
18.645,4.2375
19.4925,4.2375
24.5775,4.2375
25.425,4.2375
26.2725,4.2375
27.12,4.2375
27.9675,4.2375
30.51,4.2375
31.3575,4.2375
32.205,4.2375
33.0525,4.2375
34.7475,4.2375
35.595,4.2375
36.4425,4.2375
38.985,4.2375
41.5275,4.2375
43.2225,4.2375
44.9175,4.2375
45.765,4.2375
46.6125,4.2375
48.3075,4.2375
0.0,3.39
1.695,3.39
2.5425,3.39
3.39,3.39
5.085,3.39
6.78,3.39
9.3225,3.39
11.865,3.39
12.7125,3.39
13.56,3.39
15.255,3.39
16.1025,3.39
16.95,3.39
17.7975,3.39
20.34,3.39
21.1875,3.39
22.035,3.39
22.8825,3.39
23.73,3.39
28.815,3.39
29.6625,3.39
33.9,3.39
37.29,3.39
38.1375,3.39
39.8325,3.39
40.68,3.39
42.375,3.39
44.07,3.39
47.46,3.39
0.0,2.5425
1.695,2.5425
2.5425,2.5425
3.39,2.5425
5.085,2.5425
6.78,2.5425
9.3225,2.5425
11.865,2.5425
12.7125,2.5425
13.56,2.5425
15.255,2.5425
16.1025,2.5425
16.95,2.5425
17.7975,2.5425
20.34,2.5425
21.1875,2.5425
22.035,2.5425
22.8825,2.5425
23.73,2.5425
28.815,2.5425
29.6625,2.5425
33.9,2.5425
37.29,2.5425
38.1375,2.5425
39.8325,2.5425
40.68,2.5425
42.375,2.5425
44.07,2.5425
47.46,2.5425
0.0,1.695
1.695,1.695
2.5425,1.695
3.39,1.695
5.085,1.695
6.78,1.695
9.3225,1.695
11.865,1.695
12.7125,1.695
13.56,1.695
15.255,1.695
16.1025,1.695
16.95,1.695
17.7975,1.695
20.34,1.695
21.1875,1.695
22.035,1.695
22.8825,1.695
23.73,1.695
28.815,1.695
29.6625,1.695
33.9,1.695
37.29,1.695
38.1375,1.695
39.8325,1.695
40.68,1.695
42.375,1.695
44.07,1.695
47.46,1.695
0.8475,0.8475
4.2375,0.8475
5.9325,0.8475
7.6275,0.8475
8.475,0.8475
10.17,0.8475
11.0175,0.8475
14.4075,0.8475
18.645,0.8475
19.4925,0.8475
24.5775,0.8475
25.425,0.8475
26.2725,0.8475
27.12,0.8475
27.9675,0.8475
30.51,0.8475
31.3575,0.8475
32.205,0.8475
33.0525,0.8475
34.7475,0.8475
35.595,0.8475
36.4425,0.8475
38.985,0.8475
41.5275,0.8475
43.2225,0.8475
44.9175,0.8475
45.765,0.8475
46.6125,0.8475
48.3075,0.8475
0.0,0.0
1.695,0.0
2.5425,0.0
3.39,0.0
5.085,0.0
6.78,0.0
9.3225,0.0
11.865,0.0
12.7125,0.0
13.56,0.0
15.255,0.0
16.1025,0.0
16.95,0.0
17.7975,0.0
20.34,0.0
21.1875,0.0
22.035,0.0
22.8825,0.0
23.73,0.0
28.815,0.0
29.6625,0.0
33.9,0.0
37.29,0.0
38.1375,0.0
39.8325,0.0
40.68,0.0
42.375,0.0
44.07,0.0
47.46,0.0
0.0,99.1575
0.8475,99.1575
1.695,99.1575
2.5425,99.1575
3.39,99.1575
4.2375,99.1575
5.085,99.1575
5.9325,99.1575
6.78,99.1575
7.6275,99.1575
8.475,99.1575
9.3225,99.1575
10.17,99.1575
11.0175,99.1575
11.865,99.1575
12.7125,99.1575
13.56,99.1575
14.4075,99.1575
15.255,99.1575
16.1025,99.1575
16.95,99.1575
17.7975,99.1575
18.645,99.1575
19.4925,99.1575
20.34,99.1575
21.1875,99.1575
22.035,99.1575
22.8825,99.1575
23.73,99.1575
24.5775,99.1575
25.425,99.1575
26.2725,99.1575
27.12,99.1575
27.9675,99.1575
28.815,99.1575
29.6625,99.1575
30.51,99.1575
31.3575,99.1575
32.205,99.1575
33.0525,99.1575
33.9,99.1575
34.7475,99.1575
35.595,99.1575
36.4425,99.1575
37.29,99.1575
38.1375,99.1575
38.985,99.1575
39.8325,99.1575
40.68,99.1575
41.5275,99.1575
42.375,99.1575
43.2225,99.1575
44.07,99.1575
44.9175,99.1575
45.765,99.1575
46.6125,99.1575
47.46,99.1575
48.3075,99.1575
0.8475,98.31
4.2375,98.31
5.9325,98.31
7.6275,98.31
8.475,98.31
10.17,98.31
11.0175,98.31
14.4075,98.31
18.645,98.31
19.4925,98.31
24.5775,98.31
25.425,98.31
26.2725,98.31
27.12,98.31
27.9675,98.31
30.51,98.31
31.3575,98.31
32.205,98.31
33.0525,98.31
34.7475,98.31
35.595,98.31
36.4425,98.31
38.985,98.31
41.5275,98.31
43.2225,98.31
44.9175,98.31
45.765,98.31
46.6125,98.31
48.3075,98.31
0.0,97.4625
1.695,97.4625
2.5425,97.4625
3.39,97.4625
5.085,97.4625
6.78,97.4625
9.3225,97.4625
11.865,97.4625
12.7125,97.4625
13.56,97.4625
15.255,97.4625
16.1025,97.4625
16.95,97.4625
17.7975,97.4625
20.34,97.4625
21.1875,97.4625
22.035,97.4625
22.8825,97.4625
23.73,97.4625
28.815,97.4625
29.6625,97.4625
33.9,97.4625
37.29,97.4625
38.1375,97.4625
39.8325,97.4625
40.68,97.4625
42.375,97.4625
44.07,97.4625
47.46,97.4625
0.8475,96.615
4.2375,96.615
5.9325,96.615
7.6275,96.615
8.475,96.615
10.17,96.615
11.0175,96.615
14.4075,96.615
18.645,96.615
19.4925,96.615
24.5775,96.615
25.425,96.615
26.2725,96.615
27.12,96.615
27.9675,96.615
30.51,96.615
31.3575,96.615
32.205,96.615
33.0525,96.615
34.7475,96.615
35.595,96.615
36.4425,96.615
38.985,96.615
41.5275,96.615
43.2225,96.615
44.9175,96.615
45.765,96.615
46.6125,96.615
48.3075,96.615
0.8475,95.7675
4.2375,95.7675
5.9325,95.7675
7.6275,95.7675
8.475,95.7675
10.17,95.7675
11.0175,95.7675
14.4075,95.7675
18.645,95.7675
19.4925,95.7675
24.5775,95.7675
25.425,95.7675
26.2725,95.7675
27.12,95.7675
27.9675,95.7675
30.51,95.7675
31.3575,95.7675
32.205,95.7675
33.0525,95.7675
34.7475,95.7675
35.595,95.7675
36.4425,95.7675
38.985,95.7675
41.5275,95.7675
43.2225,95.7675
44.9175,95.7675
45.765,95.7675
46.6125,95.7675
48.3075,95.7675
0.8475,94.92
4.2375,94.92
5.9325,94.92
7.6275,94.92
8.475,94.92
10.17,94.92
11.0175,94.92
14.4075,94.92
18.645,94.92
19.4925,94.92
24.5775,94.92
25.425,94.92
26.2725,94.92
27.12,94.92
27.9675,94.92
30.51,94.92
31.3575,94.92
32.205,94.92
33.0525,94.92
34.7475,94.92
35.595,94.92
36.4425,94.92
38.985,94.92
41.5275,94.92
43.2225,94.92
44.9175,94.92
45.765,94.92
46.6125,94.92
48.3075,94.92
0.0,94.0725
1.695,94.0725
2.5425,94.0725
3.39,94.0725
5.085,94.0725
6.78,94.0725
9.3225,94.0725
11.865,94.0725
12.7125,94.0725
13.56,94.0725
15.255,94.0725
16.1025,94.0725
16.95,94.0725
17.7975,94.0725
20.34,94.0725
21.1875,94.0725
22.035,94.0725
22.8825,94.0725
23.73,94.0725
28.815,94.0725
29.6625,94.0725
33.9,94.0725
37.29,94.0725
38.1375,94.0725
39.8325,94.0725
40.68,94.0725
42.375,94.0725
44.07,94.0725
47.46,94.0725
0.8475,93.225
4.2375,93.225
5.9325,93.225
7.6275,93.225
8.475,93.225
10.17,93.225
11.0175,93.225
14.4075,93.225
18.645,93.225
19.4925,93.225
24.5775,93.225
25.425,93.225
26.2725,93.225
27.12,93.225
27.9675,93.225
30.51,93.225
31.3575,93.225
32.205,93.225
33.0525,93.225
34.7475,93.225
35.595,93.225
36.4425,93.225
38.985,93.225
41.5275,93.225
43.2225,93.225
44.9175,93.225
45.765,93.225
46.6125,93.225
48.3075,93.225
0.0,92.3775
1.695,92.3775
2.5425,92.3775
3.39,92.3775
5.085,92.3775
6.78,92.3775
9.3225,92.3775
11.865,92.3775
12.7125,92.3775
13.56,92.3775
15.255,92.3775
16.1025,92.3775
16.95,92.3775
17.7975,92.3775
20.34,92.3775
21.1875,92.3775
22.035,92.3775
22.8825,92.3775
23.73,92.3775
28.815,92.3775
29.6625,92.3775
33.9,92.3775
37.29,92.3775
38.1375,92.3775
39.8325,92.3775
40.68,92.3775
42.375,92.3775
44.07,92.3775
47.46,92.3775
0.8475,91.53
4.2375,91.53
5.9325,91.53
7.6275,91.53
8.475,91.53
10.17,91.53
11.0175,91.53
14.4075,91.53
18.645,91.53
19.4925,91.53
24.5775,91.53
25.425,91.53
26.2725,91.53
27.12,91.53
27.9675,91.53
30.51,91.53
31.3575,91.53
32.205,91.53
33.0525,91.53
34.7475,91.53
35.595,91.53
36.4425,91.53
38.985,91.53
41.5275,91.53
43.2225,91.53
44.9175,91.53
45.765,91.53
46.6125,91.53
48.3075,91.53
0.0,90.6825
1.695,90.6825
2.5425,90.6825
3.39,90.6825
5.085,90.6825
6.78,90.6825
9.3225,90.6825
11.865,90.6825
12.7125,90.6825
13.56,90.6825
15.255,90.6825
16.1025,90.6825
16.95,90.6825
17.7975,90.6825
20.34,90.6825
21.1875,90.6825
22.035,90.6825
22.8825,90.6825
23.73,90.6825
28.815,90.6825
29.6625,90.6825
33.9,90.6825
37.29,90.6825
38.1375,90.6825
39.8325,90.6825
40.68,90.6825
42.375,90.6825
44.07,90.6825
47.46,90.6825
0.0,89.835
1.695,89.835
2.5425,89.835
3.39,89.835
5.085,89.835
6.78,89.835
9.3225,89.835
11.865,89.835
12.7125,89.835
13.56,89.835
15.255,89.835
16.1025,89.835
16.95,89.835
17.7975,89.835
20.34,89.835
21.1875,89.835
22.035,89.835
22.8825,89.835
23.73,89.835
28.815,89.835
29.6625,89.835
33.9,89.835
37.29,89.835
38.1375,89.835
39.8325,89.835
40.68,89.835
42.375,89.835
44.07,89.835
47.46,89.835
0.8475,88.9875
4.2375,88.9875
5.9325,88.9875
7.6275,88.9875
8.475,88.9875
10.17,88.9875
11.0175,88.9875
14.4075,88.9875
18.645,88.9875
19.4925,88.9875
24.5775,88.9875
25.425,88.9875
26.2725,88.9875
27.12,88.9875
27.9675,88.9875
30.51,88.9875
31.3575,88.9875
32.205,88.9875
33.0525,88.9875
34.7475,88.9875
35.595,88.9875
36.4425,88.9875
38.985,88.9875
41.5275,88.9875
43.2225,88.9875
44.9175,88.9875
45.765,88.9875
46.6125,88.9875
48.3075,88.9875
0.0,88.14
1.695,88.14
2.5425,88.14
3.39,88.14
5.085,88.14
6.78,88.14
9.3225,88.14
11.865,88.14
12.7125,88.14
13.56,88.14
15.255,88.14
16.1025,88.14
16.95,88.14
17.7975,88.14
20.34,88.14
21.1875,88.14
22.035,88.14
22.8825,88.14
23.73,88.14
28.815,88.14
29.6625,88.14
33.9,88.14
37.29,88.14
38.1375,88.14
39.8325,88.14
40.68,88.14
42.375,88.14
44.07,88.14
47.46,88.14
0.0,87.2925
1.695,87.2925
2.5425,87.2925
3.39,87.2925
5.085,87.2925
6.78,87.2925
9.3225,87.2925
11.865,87.2925
12.7125,87.2925
13.56,87.2925
15.255,87.2925
16.1025,87.2925
16.95,87.2925
17.7975,87.2925
20.34,87.2925
21.1875,87.2925
22.035,87.2925
22.8825,87.2925
23.73,87.2925
28.815,87.2925
29.6625,87.2925
33.9,87.2925
37.29,87.2925
38.1375,87.2925
39.8325,87.2925
40.68,87.2925
42.375,87.2925
44.07,87.2925
47.46,87.2925
0.8475,86.445
4.2375,86.445
5.9325,86.445
7.6275,86.445
8.475,86.445
10.17,86.445
11.0175,86.445
14.4075,86.445
18.645,86.445
19.4925,86.445
24.5775,86.445
25.425,86.445
26.2725,86.445
27.12,86.445
27.9675,86.445
30.51,86.445
31.3575,86.445
32.205,86.445
33.0525,86.445
34.7475,86.445
35.595,86.445
36.4425,86.445
38.985,86.445
41.5275,86.445
43.2225,86.445
44.9175,86.445
45.765,86.445
46.6125,86.445
48.3075,86.445
0.8475,85.5975
4.2375,85.5975
5.9325,85.5975
7.6275,85.5975
8.475,85.5975
10.17,85.5975
11.0175,85.5975
14.4075,85.5975
18.645,85.5975
19.4925,85.5975
24.5775,85.5975
25.425,85.5975
26.2725,85.5975
27.12,85.5975
27.9675,85.5975
30.51,85.5975
31.3575,85.5975
32.205,85.5975
33.0525,85.5975
34.7475,85.5975
35.595,85.5975
36.4425,85.5975
38.985,85.5975
41.5275,85.5975
43.2225,85.5975
44.9175,85.5975
45.765,85.5975
46.6125,85.5975
48.3075,85.5975
0.8475,84.75
4.2375,84.75
5.9325,84.75
7.6275,84.75
8.475,84.75
10.17,84.75
11.0175,84.75
14.4075,84.75
18.645,84.75
19.4925,84.75
24.5775,84.75
25.425,84.75
26.2725,84.75
27.12,84.75
27.9675,84.75
30.51,84.75
31.3575,84.75
32.205,84.75
33.0525,84.75
34.7475,84.75
35.595,84.75
36.4425,84.75
38.985,84.75
41.5275,84.75
43.2225,84.75
44.9175,84.75
45.765,84.75
46.6125,84.75
48.3075,84.75
0.0,83.9025
1.695,83.9025
2.5425,83.9025
3.39,83.9025
5.085,83.9025
6.78,83.9025
9.3225,83.9025
11.865,83.9025
12.7125,83.9025
13.56,83.9025
15.255,83.9025
16.1025,83.9025
16.95,83.9025
17.7975,83.9025
20.34,83.9025
21.1875,83.9025
22.035,83.9025
22.8825,83.9025
23.73,83.9025
28.815,83.9025
29.6625,83.9025
33.9,83.9025
37.29,83.9025
38.1375,83.9025
39.8325,83.9025
40.68,83.9025
42.375,83.9025
44.07,83.9025
47.46,83.9025
0.8475,83.055
4.2375,83.055
5.9325,83.055
7.6275,83.055
8.475,83.055
10.17,83.055
11.0175,83.055
14.4075,83.055
18.645,83.055
19.4925,83.055
24.5775,83.055
25.425,83.055
26.2725,83.055
27.12,83.055
27.9675,83.055
30.51,83.055
31.3575,83.055
32.205,83.055
33.0525,83.055
34.7475,83.055
35.595,83.055
36.4425,83.055
38.985,83.055
41.5275,83.055
43.2225,83.055
44.9175,83.055
45.765,83.055
46.6125,83.055
48.3075,83.055
0.8475,82.2075
4.2375,82.2075
5.9325,82.2075
7.6275,82.2075
8.475,82.2075
10.17,82.2075
11.0175,82.2075
14.4075,82.2075
18.645,82.2075
19.4925,82.2075
24.5775,82.2075
25.425,82.2075
26.2725,82.2075
27.12,82.2075
27.9675,82.2075
30.51,82.2075
31.3575,82.2075
32.205,82.2075
33.0525,82.2075
34.7475,82.2075
35.595,82.2075
36.4425,82.2075
38.985,82.2075
41.5275,82.2075
43.2225,82.2075
44.9175,82.2075
45.765,82.2075
46.6125,82.2075
48.3075,82.2075
0.8475,81.36
4.2375,81.36
5.9325,81.36
7.6275,81.36
8.475,81.36
10.17,81.36
11.0175,81.36
14.4075,81.36
18.645,81.36
19.4925,81.36
24.5775,81.36
25.425,81.36
26.2725,81.36
27.12,81.36
27.9675,81.36
30.51,81.36
31.3575,81.36
32.205,81.36
33.0525,81.36
34.7475,81.36
35.595,81.36
36.4425,81.36
38.985,81.36
41.5275,81.36
43.2225,81.36
44.9175,81.36
45.765,81.36
46.6125,81.36
48.3075,81.36
0.8475,80.5125
4.2375,80.5125
5.9325,80.5125
7.6275,80.5125
8.475,80.5125
10.17,80.5125
11.0175,80.5125
14.4075,80.5125
18.645,80.5125
19.4925,80.5125
24.5775,80.5125
25.425,80.5125
26.2725,80.5125
27.12,80.5125
27.9675,80.5125
30.51,80.5125
31.3575,80.5125
32.205,80.5125
33.0525,80.5125
34.7475,80.5125
35.595,80.5125
36.4425,80.5125
38.985,80.5125
41.5275,80.5125
43.2225,80.5125
44.9175,80.5125
45.765,80.5125
46.6125,80.5125
48.3075,80.5125
0.0,79.665
1.695,79.665
2.5425,79.665
3.39,79.665
5.085,79.665
6.78,79.665
9.3225,79.665
11.865,79.665
12.7125,79.665
13.56,79.665
15.255,79.665
16.1025,79.665
16.95,79.665
17.7975,79.665
20.34,79.665
21.1875,79.665
22.035,79.665
22.8825,79.665
23.73,79.665
28.815,79.665
29.6625,79.665
33.9,79.665
37.29,79.665
38.1375,79.665
39.8325,79.665
40.68,79.665
42.375,79.665
44.07,79.665
47.46,79.665
0.0,78.8175
1.695,78.8175
2.5425,78.8175
3.39,78.8175
5.085,78.8175
6.78,78.8175
9.3225,78.8175
11.865,78.8175
12.7125,78.8175
13.56,78.8175
15.255,78.8175
16.1025,78.8175
16.95,78.8175
17.7975,78.8175
20.34,78.8175
21.1875,78.8175
22.035,78.8175
22.8825,78.8175
23.73,78.8175
28.815,78.8175
29.6625,78.8175
33.9,78.8175
37.29,78.8175
38.1375,78.8175
39.8325,78.8175
40.68,78.8175
42.375,78.8175
44.07,78.8175
47.46,78.8175
0.8475,77.97
4.2375,77.97
5.9325,77.97
7.6275,77.97
8.475,77.97
10.17,77.97
11.0175,77.97
14.4075,77.97
18.645,77.97
19.4925,77.97
24.5775,77.97
25.425,77.97
26.2725,77.97
27.12,77.97
27.9675,77.97
30.51,77.97
31.3575,77.97
32.205,77.97
33.0525,77.97
34.7475,77.97
35.595,77.97
36.4425,77.97
38.985,77.97
41.5275,77.97
43.2225,77.97
44.9175,77.97
45.765,77.97
46.6125,77.97
48.3075,77.97
0.8475,77.1225
4.2375,77.1225
5.9325,77.1225
7.6275,77.1225
8.475,77.1225
10.17,77.1225
11.0175,77.1225
14.4075,77.1225
18.645,77.1225
19.4925,77.1225
24.5775,77.1225
25.425,77.1225
26.2725,77.1225
27.12,77.1225
27.9675,77.1225
30.51,77.1225
31.3575,77.1225
32.205,77.1225
33.0525,77.1225
34.7475,77.1225
35.595,77.1225
36.4425,77.1225
38.985,77.1225
41.5275,77.1225
43.2225,77.1225
44.9175,77.1225
45.765,77.1225
46.6125,77.1225
48.3075,77.1225
0.8475,76.275
4.2375,76.275
5.9325,76.275
7.6275,76.275
8.475,76.275
10.17,76.275
11.0175,76.275
14.4075,76.275
18.645,76.275
19.4925,76.275
24.5775,76.275
25.425,76.275
26.2725,76.275
27.12,76.275
27.9675,76.275
30.51,76.275
31.3575,76.275
32.205,76.275
33.0525,76.275
34.7475,76.275
35.595,76.275
36.4425,76.275
38.985,76.275
41.5275,76.275
43.2225,76.275
44.9175,76.275
45.765,76.275
46.6125,76.275
48.3075,76.275
0.8475,75.4275
4.2375,75.4275
5.9325,75.4275
7.6275,75.4275
8.475,75.4275
10.17,75.4275
11.0175,75.4275
14.4075,75.4275
18.645,75.4275
19.4925,75.4275
24.5775,75.4275
25.425,75.4275
26.2725,75.4275
27.12,75.4275
27.9675,75.4275
30.51,75.4275
31.3575,75.4275
32.205,75.4275
33.0525,75.4275
34.7475,75.4275
35.595,75.4275
36.4425,75.4275
38.985,75.4275
41.5275,75.4275
43.2225,75.4275
44.9175,75.4275
45.765,75.4275
46.6125,75.4275
48.3075,75.4275
0.8475,74.58
4.2375,74.58
5.9325,74.58
7.6275,74.58
8.475,74.58
10.17,74.58
11.0175,74.58
14.4075,74.58
18.645,74.58
19.4925,74.58
24.5775,74.58
25.425,74.58
26.2725,74.58
27.12,74.58
27.9675,74.58
30.51,74.58
31.3575,74.58
32.205,74.58
33.0525,74.58
34.7475,74.58
35.595,74.58
36.4425,74.58
38.985,74.58
41.5275,74.58
43.2225,74.58
44.9175,74.58
45.765,74.58
46.6125,74.58
48.3075,74.58
0.0,73.7325
1.695,73.7325
2.5425,73.7325
3.39,73.7325
5.085,73.7325
6.78,73.7325
9.3225,73.7325
11.865,73.7325
12.7125,73.7325
13.56,73.7325
15.255,73.7325
16.1025,73.7325
16.95,73.7325
17.7975,73.7325
20.34,73.7325
21.1875,73.7325
22.035,73.7325
22.8825,73.7325
23.73,73.7325
28.815,73.7325
29.6625,73.7325
33.9,73.7325
37.29,73.7325
38.1375,73.7325
39.8325,73.7325
40.68,73.7325
42.375,73.7325
44.07,73.7325
47.46,73.7325
0.0,72.885
1.695,72.885
2.5425,72.885
3.39,72.885
5.085,72.885
6.78,72.885
9.3225,72.885
11.865,72.885
12.7125,72.885
13.56,72.885
15.255,72.885
16.1025,72.885
16.95,72.885
17.7975,72.885
20.34,72.885
21.1875,72.885
22.035,72.885
22.8825,72.885
23.73,72.885
28.815,72.885
29.6625,72.885
33.9,72.885
37.29,72.885
38.1375,72.885
39.8325,72.885
40.68,72.885
42.375,72.885
44.07,72.885
47.46,72.885
0.0,72.0375
1.695,72.0375
2.5425,72.0375
3.39,72.0375
5.085,72.0375
6.78,72.0375
9.3225,72.0375
11.865,72.0375
12.7125,72.0375
13.56,72.0375
15.255,72.0375
16.1025,72.0375
16.95,72.0375
17.7975,72.0375
20.34,72.0375
21.1875,72.0375
22.035,72.0375
22.8825,72.0375
23.73,72.0375
28.815,72.0375
29.6625,72.0375
33.9,72.0375
37.29,72.0375
38.1375,72.0375
39.8325,72.0375
40.68,72.0375
42.375,72.0375
44.07,72.0375
47.46,72.0375
0.0,71.19
1.695,71.19
2.5425,71.19
3.39,71.19
5.085,71.19
6.78,71.19
9.3225,71.19
11.865,71.19
12.7125,71.19
13.56,71.19
15.255,71.19
16.1025,71.19
16.95,71.19
17.7975,71.19
20.34,71.19
21.1875,71.19
22.035,71.19
22.8825,71.19
23.73,71.19
28.815,71.19
29.6625,71.19
33.9,71.19
37.29,71.19
38.1375,71.19
39.8325,71.19
40.68,71.19
42.375,71.19
44.07,71.19
47.46,71.19
0.0,70.3425
1.695,70.3425
2.5425,70.3425
3.39,70.3425
5.085,70.3425
6.78,70.3425
9.3225,70.3425
11.865,70.3425
12.7125,70.3425
13.56,70.3425
15.255,70.3425
16.1025,70.3425
16.95,70.3425
17.7975,70.3425
20.34,70.3425
21.1875,70.3425
22.035,70.3425
22.8825,70.3425
23.73,70.3425
28.815,70.3425
29.6625,70.3425
33.9,70.3425
37.29,70.3425
38.1375,70.3425
39.8325,70.3425
40.68,70.3425
42.375,70.3425
44.07,70.3425
47.46,70.3425
0.8475,69.495
4.2375,69.495
5.9325,69.495
7.6275,69.495
8.475,69.495
10.17,69.495
11.0175,69.495
14.4075,69.495
18.645,69.495
19.4925,69.495
24.5775,69.495
25.425,69.495
26.2725,69.495
27.12,69.495
27.9675,69.495
30.51,69.495
31.3575,69.495
32.205,69.495
33.0525,69.495
34.7475,69.495
35.595,69.495
36.4425,69.495
38.985,69.495
41.5275,69.495
43.2225,69.495
44.9175,69.495
45.765,69.495
46.6125,69.495
48.3075,69.495
0.8475,68.6475
4.2375,68.6475
5.9325,68.6475
7.6275,68.6475
8.475,68.6475
10.17,68.6475
11.0175,68.6475
14.4075,68.6475
18.645,68.6475
19.4925,68.6475
24.5775,68.6475
25.425,68.6475
26.2725,68.6475
27.12,68.6475
27.9675,68.6475
30.51,68.6475
31.3575,68.6475
32.205,68.6475
33.0525,68.6475
34.7475,68.6475
35.595,68.6475
36.4425,68.6475
38.985,68.6475
41.5275,68.6475
43.2225,68.6475
44.9175,68.6475
45.765,68.6475
46.6125,68.6475
48.3075,68.6475
0.0,67.8
1.695,67.8
2.5425,67.8
3.39,67.8
5.085,67.8
6.78,67.8
9.3225,67.8
11.865,67.8
12.7125,67.8
13.56,67.8
15.255,67.8
16.1025,67.8
16.95,67.8
17.7975,67.8
20.34,67.8
21.1875,67.8
22.035,67.8
22.8825,67.8
23.73,67.8
28.815,67.8
29.6625,67.8
33.9,67.8
37.29,67.8
38.1375,67.8
39.8325,67.8
40.68,67.8
42.375,67.8
44.07,67.8
47.46,67.8
0.0,66.9525
1.695,66.9525
2.5425,66.9525
3.39,66.9525
5.085,66.9525
6.78,66.9525
9.3225,66.9525
11.865,66.9525
12.7125,66.9525
13.56,66.9525
15.255,66.9525
16.1025,66.9525
16.95,66.9525
17.7975,66.9525
20.34,66.9525
21.1875,66.9525
22.035,66.9525
22.8825,66.9525
23.73,66.9525
28.815,66.9525
29.6625,66.9525
33.9,66.9525
37.29,66.9525
38.1375,66.9525
39.8325,66.9525
40.68,66.9525
42.375,66.9525
44.07,66.9525
47.46,66.9525
0.0,66.105
1.695,66.105
2.5425,66.105
3.39,66.105
5.085,66.105
6.78,66.105
9.3225,66.105
11.865,66.105
12.7125,66.105
13.56,66.105
15.255,66.105
16.1025,66.105
16.95,66.105
17.7975,66.105
20.34,66.105
21.1875,66.105
22.035,66.105
22.8825,66.105
23.73,66.105
28.815,66.105
29.6625,66.105
33.9,66.105
37.29,66.105
38.1375,66.105
39.8325,66.105
40.68,66.105
42.375,66.105
44.07,66.105
47.46,66.105
0.0,65.2575
1.695,65.2575
2.5425,65.2575
3.39,65.2575
5.085,65.2575
6.78,65.2575
9.3225,65.2575
11.865,65.2575
12.7125,65.2575
13.56,65.2575
15.255,65.2575
16.1025,65.2575
16.95,65.2575
17.7975,65.2575
20.34,65.2575
21.1875,65.2575
22.035,65.2575
22.8825,65.2575
23.73,65.2575
28.815,65.2575
29.6625,65.2575
33.9,65.2575
37.29,65.2575
38.1375,65.2575
39.8325,65.2575
40.68,65.2575
42.375,65.2575
44.07,65.2575
47.46,65.2575
0.8475,64.41
4.2375,64.41
5.9325,64.41
7.6275,64.41
8.475,64.41
10.17,64.41
11.0175,64.41
14.4075,64.41
18.645,64.41
19.4925,64.41
24.5775,64.41
25.425,64.41
26.2725,64.41
27.12,64.41
27.9675,64.41
30.51,64.41
31.3575,64.41
32.205,64.41
33.0525,64.41
34.7475,64.41
35.595,64.41
36.4425,64.41
38.985,64.41
41.5275,64.41
43.2225,64.41
44.9175,64.41
45.765,64.41
46.6125,64.41
48.3075,64.41
0.0,63.5625
1.695,63.5625
2.5425,63.5625
3.39,63.5625
5.085,63.5625
6.78,63.5625
9.3225,63.5625
11.865,63.5625
12.7125,63.5625
13.56,63.5625
15.255,63.5625
16.1025,63.5625
16.95,63.5625
17.7975,63.5625
20.34,63.5625
21.1875,63.5625
22.035,63.5625
22.8825,63.5625
23.73,63.5625
28.815,63.5625
29.6625,63.5625
33.9,63.5625
37.29,63.5625
38.1375,63.5625
39.8325,63.5625
40.68,63.5625
42.375,63.5625
44.07,63.5625
47.46,63.5625
0.0,62.715
1.695,62.715
2.5425,62.715
3.39,62.715
5.085,62.715
6.78,62.715
9.3225,62.715
11.865,62.715
12.7125,62.715
13.56,62.715
15.255,62.715
16.1025,62.715
16.95,62.715
17.7975,62.715
20.34,62.715
21.1875,62.715
22.035,62.715
22.8825,62.715
23.73,62.715
28.815,62.715
29.6625,62.715
33.9,62.715
37.29,62.715
38.1375,62.715
39.8325,62.715
40.68,62.715
42.375,62.715
44.07,62.715
47.46,62.715
0.0,61.8675
1.695,61.8675
2.5425,61.8675
3.39,61.8675
5.085,61.8675
6.78,61.8675
9.3225,61.8675
11.865,61.8675
12.7125,61.8675
13.56,61.8675
15.255,61.8675
16.1025,61.8675
16.95,61.8675
17.7975,61.8675
20.34,61.8675
21.1875,61.8675
22.035,61.8675
22.8825,61.8675
23.73,61.8675
28.815,61.8675
29.6625,61.8675
33.9,61.8675
37.29,61.8675
38.1375,61.8675
39.8325,61.8675
40.68,61.8675
42.375,61.8675
44.07,61.8675
47.46,61.8675
0.8475,61.02
4.2375,61.02
5.9325,61.02
7.6275,61.02
8.475,61.02
10.17,61.02
11.0175,61.02
14.4075,61.02
18.645,61.02
19.4925,61.02
24.5775,61.02
25.425,61.02
26.2725,61.02
27.12,61.02
27.9675,61.02
30.51,61.02
31.3575,61.02
32.205,61.02
33.0525,61.02
34.7475,61.02
35.595,61.02
36.4425,61.02
38.985,61.02
41.5275,61.02
43.2225,61.02
44.9175,61.02
45.765,61.02
46.6125,61.02
48.3075,61.02
0.8475,60.1725
4.2375,60.1725
5.9325,60.1725
7.6275,60.1725
8.475,60.1725
10.17,60.1725
11.0175,60.1725
14.4075,60.1725
18.645,60.1725
19.4925,60.1725
24.5775,60.1725
25.425,60.1725
26.2725,60.1725
27.12,60.1725
27.9675,60.1725
30.51,60.1725
31.3575,60.1725
32.205,60.1725
33.0525,60.1725
34.7475,60.1725
35.595,60.1725
36.4425,60.1725
38.985,60.1725
41.5275,60.1725
43.2225,60.1725
44.9175,60.1725
45.765,60.1725
46.6125,60.1725
48.3075,60.1725
0.0,59.325
1.695,59.325
2.5425,59.325
3.39,59.325
5.085,59.325
6.78,59.325
9.3225,59.325
11.865,59.325
12.7125,59.325
13.56,59.325
15.255,59.325
16.1025,59.325
16.95,59.325
17.7975,59.325
20.34,59.325
21.1875,59.325
22.035,59.325
22.8825,59.325
23.73,59.325
28.815,59.325
29.6625,59.325
33.9,59.325
37.29,59.325
38.1375,59.325
39.8325,59.325
40.68,59.325
42.375,59.325
44.07,59.325
47.46,59.325
0.8475,58.4775
4.2375,58.4775
5.9325,58.4775
7.6275,58.4775
8.475,58.4775
10.17,58.4775
11.0175,58.4775
14.4075,58.4775
18.645,58.4775
19.4925,58.4775
24.5775,58.4775
25.425,58.4775
26.2725,58.4775
27.12,58.4775
27.9675,58.4775
30.51,58.4775
31.3575,58.4775
32.205,58.4775
33.0525,58.4775
34.7475,58.4775
35.595,58.4775
36.4425,58.4775
38.985,58.4775
41.5275,58.4775
43.2225,58.4775
44.9175,58.4775
45.765,58.4775
46.6125,58.4775
48.3075,58.4775
0.8475,57.63
4.2375,57.63
5.9325,57.63
7.6275,57.63
8.475,57.63
10.17,57.63
11.0175,57.63
14.4075,57.63
18.645,57.63
19.4925,57.63
24.5775,57.63
25.425,57.63
26.2725,57.63
27.12,57.63
27.9675,57.63
30.51,57.63
31.3575,57.63
32.205,57.63
33.0525,57.63
34.7475,57.63
35.595,57.63
36.4425,57.63
38.985,57.63
41.5275,57.63
43.2225,57.63
44.9175,57.63
45.765,57.63
46.6125,57.63
48.3075,57.63
0.0,56.7825
1.695,56.7825
2.5425,56.7825
3.39,56.7825
5.085,56.7825
6.78,56.7825
9.3225,56.7825
11.865,56.7825
12.7125,56.7825
13.56,56.7825
15.255,56.7825
16.1025,56.7825
16.95,56.7825
17.7975,56.7825
20.34,56.7825
21.1875,56.7825
22.035,56.7825
22.8825,56.7825
23.73,56.7825
28.815,56.7825
29.6625,56.7825
33.9,56.7825
37.29,56.7825
38.1375,56.7825
39.8325,56.7825
40.68,56.7825
42.375,56.7825
44.07,56.7825
47.46,56.7825
0.8475,55.935
4.2375,55.935
5.9325,55.935
7.6275,55.935
8.475,55.935
10.17,55.935
11.0175,55.935
14.4075,55.935
18.645,55.935
19.4925,55.935
24.5775,55.935
25.425,55.935
26.2725,55.935
27.12,55.935
27.9675,55.935
30.51,55.935
31.3575,55.935
32.205,55.935
33.0525,55.935
34.7475,55.935
35.595,55.935
36.4425,55.935
38.985,55.935
41.5275,55.935
43.2225,55.935
44.9175,55.935
45.765,55.935
46.6125,55.935
48.3075,55.935
0.0,55.0875
1.695,55.0875
2.5425,55.0875
3.39,55.0875
5.085,55.0875
6.78,55.0875
9.3225,55.0875
11.865,55.0875
12.7125,55.0875
13.56,55.0875
15.255,55.0875
16.1025,55.0875
16.95,55.0875
17.7975,55.0875
20.34,55.0875
21.1875,55.0875
22.035,55.0875
22.8825,55.0875
23.73,55.0875
28.815,55.0875
29.6625,55.0875
33.9,55.0875
37.29,55.0875
38.1375,55.0875
39.8325,55.0875
40.68,55.0875
42.375,55.0875
44.07,55.0875
47.46,55.0875
0.8475,54.24
4.2375,54.24
5.9325,54.24
7.6275,54.24
8.475,54.24
10.17,54.24
11.0175,54.24
14.4075,54.24
18.645,54.24
19.4925,54.24
24.5775,54.24
25.425,54.24
26.2725,54.24
27.12,54.24
27.9675,54.24
30.51,54.24
31.3575,54.24
32.205,54.24
33.0525,54.24
34.7475,54.24
35.595,54.24
36.4425,54.24
38.985,54.24
41.5275,54.24
43.2225,54.24
44.9175,54.24
45.765,54.24
46.6125,54.24
48.3075,54.24
0.0,53.3925
1.695,53.3925
2.5425,53.3925
3.39,53.3925
5.085,53.3925
6.78,53.3925
9.3225,53.3925
11.865,53.3925
12.7125,53.3925
13.56,53.3925
15.255,53.3925
16.1025,53.3925
16.95,53.3925
17.7975,53.3925
20.34,53.3925
21.1875,53.3925
22.035,53.3925
22.8825,53.3925
23.73,53.3925
28.815,53.3925
29.6625,53.3925
33.9,53.3925
37.29,53.3925
38.1375,53.3925
39.8325,53.3925
40.68,53.3925
42.375,53.3925
44.07,53.3925
47.46,53.3925
0.0,52.545
1.695,52.545
2.5425,52.545
3.39,52.545
5.085,52.545
6.78,52.545
9.3225,52.545
11.865,52.545
12.7125,52.545
13.56,52.545
15.255,52.545
16.1025,52.545
16.95,52.545
17.7975,52.545
20.34,52.545
21.1875,52.545
22.035,52.545
22.8825,52.545
23.73,52.545
28.815,52.545
29.6625,52.545
33.9,52.545
37.29,52.545
38.1375,52.545
39.8325,52.545
40.68,52.545
42.375,52.545
44.07,52.545
47.46,52.545
0.0,51.6975
1.695,51.6975
2.5425,51.6975
3.39,51.6975
5.085,51.6975
6.78,51.6975
9.3225,51.6975
11.865,51.6975
12.7125,51.6975
13.56,51.6975
15.255,51.6975
16.1025,51.6975
16.95,51.6975
17.7975,51.6975
20.34,51.6975
21.1875,51.6975
22.035,51.6975
22.8825,51.6975
23.73,51.6975
28.815,51.6975
29.6625,51.6975
33.9,51.6975
37.29,51.6975
38.1375,51.6975
39.8325,51.6975
40.68,51.6975
42.375,51.6975
44.07,51.6975
47.46,51.6975
0.8475,50.85
4.2375,50.85
5.9325,50.85
7.6275,50.85
8.475,50.85
10.17,50.85
11.0175,50.85
14.4075,50.85
18.645,50.85
19.4925,50.85
24.5775,50.85
25.425,50.85
26.2725,50.85
27.12,50.85
27.9675,50.85
30.51,50.85
31.3575,50.85
32.205,50.85
33.0525,50.85
34.7475,50.85
35.595,50.85
36.4425,50.85
38.985,50.85
41.5275,50.85
43.2225,50.85
44.9175,50.85
45.765,50.85
46.6125,50.85
48.3075,50.85
0.0,50.0025
1.695,50.0025
2.5425,50.0025
3.39,50.0025
5.085,50.0025
6.78,50.0025
9.3225,50.0025
11.865,50.0025
12.7125,50.0025
13.56,50.0025
15.255,50.0025
16.1025,50.0025
16.95,50.0025
17.7975,50.0025
20.34,50.0025
21.1875,50.0025
22.035,50.0025
22.8825,50.0025
23.73,50.0025
28.815,50.0025
29.6625,50.0025
33.9,50.0025
37.29,50.0025
38.1375,50.0025
39.8325,50.0025
40.68,50.0025
42.375,50.0025
44.07,50.0025
47.46,50.0025
