48.6,48.6
49.41,48.6
50.22,48.6
51.03,48.6
51.84,48.6
52.65,48.6
53.46,48.6
54.27,48.6
55.08,48.6
55.89,48.6
56.7,48.6
57.51,48.6
58.32,48.6
59.13,48.6
59.94,48.6
60.75,48.6
61.56,48.6
62.37,48.6
63.18,48.6
63.99,48.6
64.8,48.6
65.61,48.6
66.42,48.6
67.23,48.6
68.04,48.6
68.85,48.6
69.66,48.6
70.47,48.6
71.28,48.6
72.09,48.6
72.9,48.6
73.71,48.6
74.52,48.6
75.33,48.6
76.14,48.6
76.95,48.6
77.76,48.6
78.57,48.6
79.38,48.6
80.19,48.6
81.0,48.6
81.81,48.6
82.62,48.6
83.43,48.6
84.24,48.6
85.05,48.6
85.86,48.6
86.67,48.6
87.48,48.6
88.29,48.6
89.1,48.6
89.91,48.6
90.72,48.6
91.53,48.6
92.34,48.6
93.15,48.6
93.96,48.6
94.77,48.6
95.58,48.6
96.39,48.6
97.2,48.6
50.22,47.79
53.46,47.79
54.27,47.79
55.08,47.79
56.7,47.79
57.51,47.79
62.37,47.79
63.18,47.79
65.61,47.79
67.23,47.79
68.04,47.79
69.66,47.79
71.28,47.79
72.09,47.79
72.9,47.79
73.71,47.79
74.52,47.79
75.33,47.79
76.95,47.79
78.57,47.79
79.38,47.79
81.0,47.79
83.43,47.79
84.24,47.79
89.1,47.79
89.91,47.79
91.53,47.79
92.34,47.79
93.15,47.79
96.39,47.79
49.41,46.98
51.03,46.98
51.84,46.98
52.65,46.98
55.89,46.98
58.32,46.98
59.13,46.98
59.94,46.98
60.75,46.98
61.56,46.98
63.99,46.98
64.8,46.98
66.42,46.98
68.85,46.98
70.47,46.98
76.14,46.98
77.76,46.98
80.19,46.98
81.81,46.98
82.62,46.98
85.05,46.98
85.86,46.98
86.67,46.98
87.48,46.98
88.29,46.98
90.72,46.98
93.96,46.98
94.77,46.98
95.58,46.98
97.2,46.98
50.22,46.17
53.46,46.17
54.27,46.17
55.08,46.17
56.7,46.17
57.51,46.17
62.37,46.17
63.18,46.17
65.61,46.17
67.23,46.17
68.04,46.17
69.66,46.17
71.28,46.17
72.09,46.17
72.9,46.17
73.71,46.17
74.52,46.17
75.33,46.17
76.95,46.17
78.57,46.17
79.38,46.17
81.0,46.17
83.43,46.17
84.24,46.17
89.1,46.17
89.91,46.17
91.53,46.17
92.34,46.17
93.15,46.17
96.39,46.17
50.22,45.36
53.46,45.36
54.27,45.36
55.08,45.36
56.7,45.36
57.51,45.36
62.37,45.36
63.18,45.36
65.61,45.36
67.23,45.36
68.04,45.36
69.66,45.36
71.28,45.36
72.09,45.36
72.9,45.36
73.71,45.36
74.52,45.36
75.33,45.36
76.95,45.36
78.57,45.36
79.38,45.36
81.0,45.36
83.43,45.36
84.24,45.36
89.1,45.36
89.91,45.36
91.53,45.36
92.34,45.36
93.15,45.36
96.39,45.36
50.22,44.55
53.46,44.55
54.27,44.55
55.08,44.55
56.7,44.55
57.51,44.55
62.37,44.55
63.18,44.55
65.61,44.55
67.23,44.55
68.04,44.55
69.66,44.55
71.28,44.55
72.09,44.55
72.9,44.55
73.71,44.55
74.52,44.55
75.33,44.55
76.95,44.55
78.57,44.55
79.38,44.55
81.0,44.55
83.43,44.55
84.24,44.55
89.1,44.55
89.91,44.55
91.53,44.55
92.34,44.55
93.15,44.55
96.39,44.55
49.41,43.74
51.03,43.74
51.84,43.74
52.65,43.74
55.89,43.74
58.32,43.74
59.13,43.74
59.94,43.74
60.75,43.74
61.56,43.74
63.99,43.74
64.8,43.74
66.42,43.74
68.85,43.74
70.47,43.74
76.14,43.74
77.76,43.74
80.19,43.74
81.81,43.74
82.62,43.74
85.05,43.74
85.86,43.74
86.67,43.74
87.48,43.74
88.29,43.74
90.72,43.74
93.96,43.74
94.77,43.74
95.58,43.74
97.2,43.74
49.41,42.93
51.03,42.93
51.84,42.93
52.65,42.93
55.89,42.93
58.32,42.93
59.13,42.93
59.94,42.93
60.75,42.93
61.56,42.93
63.99,42.93
64.8,42.93
66.42,42.93
68.85,42.93
70.47,42.93
76.14,42.93
77.76,42.93
80.19,42.93
81.81,42.93
82.62,42.93
85.05,42.93
85.86,42.93
86.67,42.93
87.48,42.93
88.29,42.93
90.72,42.93
93.96,42.93
94.77,42.93
95.58,42.93
97.2,42.93
49.41,42.12
51.03,42.12
51.84,42.12
52.65,42.12
55.89,42.12
58.32,42.12
59.13,42.12
59.94,42.12
60.75,42.12
61.56,42.12
63.99,42.12
64.8,42.12
66.42,42.12
68.85,42.12
70.47,42.12
76.14,42.12
77.76,42.12
80.19,42.12
81.81,42.12
82.62,42.12
85.05,42.12
85.86,42.12
86.67,42.12
87.48,42.12
88.29,42.12
90.72,42.12
93.96,42.12
94.77,42.12
95.58,42.12
97.2,42.12
50.22,41.31
53.46,41.31
54.27,41.31
55.08,41.31
56.7,41.31
57.51,41.31
62.37,41.31
63.18,41.31
65.61,41.31
67.23,41.31
68.04,41.31
69.66,41.31
71.28,41.31
72.09,41.31
72.9,41.31
73.71,41.31
74.52,41.31
75.33,41.31
76.95,41.31
78.57,41.31
79.38,41.31
81.0,41.31
83.43,41.31
84.24,41.31
89.1,41.31
89.91,41.31
91.53,41.31
92.34,41.31
93.15,41.31
96.39,41.31
49.41,40.5
51.03,40.5
51.84,40.5
52.65,40.5
55.89,40.5
58.32,40.5
59.13,40.5
59.94,40.5
60.75,40.5
61.56,40.5
63.99,40.5
64.8,40.5
66.42,40.5
68.85,40.5
70.47,40.5
76.14,40.5
77.76,40.5
80.19,40.5
81.81,40.5
82.62,40.5
85.05,40.5
85.86,40.5
86.67,40.5
87.48,40.5
88.29,40.5
90.72,40.5
93.96,40.5
94.77,40.5
95.58,40.5
97.2,40.5
49.41,39.69
51.03,39.69
51.84,39.69
52.65,39.69
55.89,39.69
58.32,39.69
59.13,39.69
59.94,39.69
60.75,39.69
61.56,39.69
63.99,39.69
64.8,39.69
66.42,39.69
68.85,39.69
70.47,39.69
76.14,39.69
77.76,39.69
80.19,39.69
81.81,39.69
82.62,39.69
85.05,39.69
85.86,39.69
86.67,39.69
87.48,39.69
88.29,39.69
90.72,39.69
93.96,39.69
94.77,39.69
95.58,39.69
97.2,39.69
50.22,38.88
53.46,38.88
54.27,38.88
55.08,38.88
56.7,38.88
57.51,38.88
62.37,38.88
63.18,38.88
65.61,38.88
67.23,38.88
68.04,38.88
69.66,38.88
71.28,38.88
72.09,38.88
72.9,38.88
73.71,38.88
74.52,38.88
75.33,38.88
76.95,38.88
78.57,38.88
79.38,38.88
81.0,38.88
83.43,38.88
84.24,38.88
89.1,38.88
89.91,38.88
91.53,38.88
92.34,38.88
93.15,38.88
96.39,38.88
50.22,38.07
53.46,38.07
54.27,38.07
55.08,38.07
56.7,38.07
57.51,38.07
62.37,38.07
63.18,38.07
65.61,38.07
67.23,38.07
68.04,38.07
69.66,38.07
71.28,38.07
72.09,38.07
72.9,38.07
73.71,38.07
74.52,38.07
75.33,38.07
76.95,38.07
78.57,38.07
79.38,38.07
81.0,38.07
83.43,38.07
84.24,38.07
89.1,38.07
89.91,38.07
91.53,38.07
92.34,38.07
93.15,38.07
96.39,38.07
50.22,37.26
53.46,37.26
54.27,37.26
55.08,37.26
56.7,37.26
57.51,37.26
62.37,37.26
63.18,37.26
65.61,37.26
67.23,37.26
68.04,37.26
69.66,37.26
71.28,37.26
72.09,37.26
72.9,37.26
73.71,37.26
74.52,37.26
75.33,37.26
76.95,37.26
78.57,37.26
79.38,37.26
81.0,37.26
83.43,37.26
84.24,37.26
89.1,37.26
89.91,37.26
91.53,37.26
92.34,37.26
93.15,37.26
96.39,37.26
50.22,36.45
53.46,36.45
54.27,36.45
55.08,36.45
56.7,36.45
57.51,36.45
62.37,36.45
63.18,36.45
65.61,36.45
67.23,36.45
68.04,36.45
69.66,36.45
71.28,36.45
72.09,36.45
72.9,36.45
73.71,36.45
74.52,36.45
75.33,36.45
76.95,36.45
78.57,36.45
79.38,36.45
81.0,36.45
83.43,36.45
84.24,36.45
89.1,36.45
89.91,36.45
91.53,36.45
92.34,36.45
93.15,36.45
96.39,36.45
50.22,35.64
53.46,35.64
54.27,35.64
55.08,35.64
56.7,35.64
57.51,35.64
62.37,35.64
63.18,35.64
65.61,35.64
67.23,35.64
68.04,35.64
69.66,35.64
71.28,35.64
72.09,35.64
72.9,35.64
73.71,35.64
74.52,35.64
75.33,35.64
76.95,35.64
78.57,35.64
79.38,35.64
81.0,35.64
83.43,35.64
84.24,35.64
89.1,35.64
89.91,35.64
91.53,35.64
92.34,35.64
93.15,35.64
96.39,35.64
49.41,34.83
51.03,34.83
51.84,34.83
52.65,34.83
55.89,34.83
58.32,34.83
59.13,34.83
59.94,34.83
60.75,34.83
61.56,34.83
63.99,34.83
64.8,34.83
66.42,34.83
68.85,34.83
70.47,34.83
76.14,34.83
77.76,34.83
80.19,34.83
81.81,34.83
82.62,34.83
85.05,34.83
85.86,34.83
86.67,34.83
87.48,34.83
88.29,34.83
90.72,34.83
93.96,34.83
94.77,34.83
95.58,34.83
97.2,34.83
49.41,34.02
51.03,34.02
51.84,34.02
52.65,34.02
55.89,34.02
58.32,34.02
59.13,34.02
59.94,34.02
60.75,34.02
61.56,34.02
63.99,34.02
64.8,34.02
66.42,34.02
68.85,34.02
70.47,34.02
76.14,34.02
77.76,34.02
80.19,34.02
81.81,34.02
82.62,34.02
85.05,34.02
85.86,34.02
86.67,34.02
87.48,34.02
88.29,34.02
90.72,34.02
93.96,34.02
94.77,34.02
95.58,34.02
97.2,34.02
50.22,33.21
53.46,33.21
54.27,33.21
55.08,33.21
56.7,33.21
57.51,33.21
62.37,33.21
63.18,33.21
65.61,33.21
67.23,33.21
68.04,33.21
69.66,33.21
71.28,33.21
72.09,33.21
72.9,33.21
73.71,33.21
74.52,33.21
75.33,33.21
76.95,33.21
78.57,33.21
79.38,33.21
81.0,33.21
83.43,33.21
84.24,33.21
89.1,33.21
89.91,33.21
91.53,33.21
92.34,33.21
93.15,33.21
96.39,33.21
50.22,32.4
53.46,32.4
54.27,32.4
55.08,32.4
56.7,32.4
57.51,32.4
62.37,32.4
63.18,32.4
65.61,32.4
67.23,32.4
68.04,32.4
69.66,32.4
71.28,32.4
72.09,32.4
72.9,32.4
73.71,32.4
74.52,32.4
75.33,32.4
76.95,32.4
78.57,32.4
79.38,32.4
81.0,32.4
83.43,32.4
84.24,32.4
89.1,32.4
89.91,32.4
91.53,32.4
92.34,32.4
93.15,32.4
96.39,32.4
49.41,31.59
51.03,31.59
51.84,31.59
52.65,31.59
55.89,31.59
58.32,31.59
59.13,31.59
59.94,31.59
60.75,31.59
61.56,31.59
63.99,31.59
64.8,31.59
66.42,31.59
68.85,31.59
70.47,31.59
76.14,31.59
77.76,31.59
80.19,31.59
81.81,31.59
82.62,31.59
85.05,31.59
85.86,31.59
86.67,31.59
87.48,31.59
88.29,31.59
90.72,31.59
93.96,31.59
94.77,31.59
95.58,31.59
97.2,31.59
50.22,30.78
53.46,30.78
54.27,30.78
55.08,30.78
56.7,30.78
57.51,30.78
62.37,30.78
63.18,30.78
65.61,30.78
67.23,30.78
68.04,30.78
69.66,30.78
71.28,30.78
72.09,30.78
72.9,30.78
73.71,30.78
74.52,30.78
75.33,30.78
76.95,30.78
78.57,30.78
79.38,30.78
81.0,30.78
83.43,30.78
84.24,30.78
89.1,30.78
89.91,30.78
91.53,30.78
92.34,30.78
93.15,30.78
96.39,30.78
49.41,29.97
51.03,29.97
51.84,29.97
52.65,29.97
55.89,29.97
58.32,29.97
59.13,29.97
59.94,29.97
60.75,29.97
61.56,29.97
63.99,29.97
64.8,29.97
66.42,29.97
68.85,29.97
70.47,29.97
76.14,29.97
77.76,29.97
80.19,29.97
81.81,29.97
82.62,29.97
85.05,29.97
85.86,29.97
86.67,29.97
87.48,29.97
88.29,29.97
90.72,29.97
93.96,29.97
94.77,29.97
95.58,29.97
97.2,29.97
49.41,29.16
51.03,29.16
51.84,29.16
52.65,29.16
55.89,29.16
58.32,29.16
59.13,29.16
59.94,29.16
60.75,29.16
61.56,29.16
63.99,29.16
64.8,29.16
66.42,29.16
68.85,29.16
70.47,29.16
76.14,29.16
77.76,29.16
80.19,29.16
81.81,29.16
82.62,29.16
85.05,29.16
85.86,29.16
86.67,29.16
87.48,29.16
88.29,29.16
90.72,29.16
93.96,29.16
94.77,29.16
95.58,29.16
97.2,29.16
50.22,28.35
53.46,28.35
54.27,28.35
55.08,28.35
56.7,28.35
57.51,28.35
62.37,28.35
63.18,28.35
65.61,28.35
67.23,28.35
68.04,28.35
69.66,28.35
71.28,28.35
72.09,28.35
72.9,28.35
73.71,28.35
74.52,28.35
75.33,28.35
76.95,28.35
78.57,28.35
79.38,28.35
81.0,28.35
83.43,28.35
84.24,28.35
89.1,28.35
89.91,28.35
91.53,28.35
92.34,28.35
93.15,28.35
96.39,28.35
49.41,27.54
51.03,27.54
51.84,27.54
52.65,27.54
55.89,27.54
58.32,27.54
59.13,27.54
59.94,27.54
60.75,27.54
61.56,27.54
63.99,27.54
64.8,27.54
66.42,27.54
68.85,27.54
70.47,27.54
76.14,27.54
77.76,27.54
80.19,27.54
81.81,27.54
82.62,27.54
85.05,27.54
85.86,27.54
86.67,27.54
87.48,27.54
88.29,27.54
90.72,27.54
93.96,27.54
94.77,27.54
95.58,27.54
97.2,27.54
50.22,26.73
53.46,26.73
54.27,26.73
55.08,26.73
56.7,26.73
57.51,26.73
62.37,26.73
63.18,26.73
65.61,26.73
67.23,26.73
68.04,26.73
69.66,26.73
71.28,26.73
72.09,26.73
72.9,26.73
73.71,26.73
74.52,26.73
75.33,26.73
76.95,26.73
78.57,26.73
79.38,26.73
81.0,26.73
83.43,26.73
84.24,26.73
89.1,26.73
89.91,26.73
91.53,26.73
92.34,26.73
93.15,26.73
96.39,26.73
49.41,25.92
51.03,25.92
51.84,25.92
52.65,25.92
55.89,25.92
58.32,25.92
59.13,25.92
59.94,25.92
60.75,25.92
61.56,25.92
63.99,25.92
64.8,25.92
66.42,25.92
68.85,25.92
70.47,25.92
76.14,25.92
77.76,25.92
80.19,25.92
81.81,25.92
82.62,25.92
85.05,25.92
85.86,25.92
86.67,25.92
87.48,25.92
88.29,25.92
90.72,25.92
93.96,25.92
94.77,25.92
95.58,25.92
97.2,25.92
49.41,25.11
51.03,25.11
51.84,25.11
52.65,25.11
55.89,25.11
58.32,25.11
59.13,25.11
59.94,25.11
60.75,25.11
61.56,25.11
63.99,25.11
64.8,25.11
66.42,25.11
68.85,25.11
70.47,25.11
76.14,25.11
77.76,25.11
80.19,25.11
81.81,25.11
82.62,25.11
85.05,25.11
85.86,25.11
86.67,25.11
87.48,25.11
88.29,25.11
90.72,25.11
93.96,25.11
94.77,25.11
95.58,25.11
97.2,25.11
49.41,24.3
51.03,24.3
51.84,24.3
52.65,24.3
55.89,24.3
58.32,24.3
59.13,24.3
59.94,24.3
60.75,24.3
61.56,24.3
63.99,24.3
64.8,24.3
66.42,24.3
68.85,24.3
70.47,24.3
76.14,24.3
77.76,24.3
80.19,24.3
81.81,24.3
82.62,24.3
85.05,24.3
85.86,24.3
86.67,24.3
87.48,24.3
88.29,24.3
90.72,24.3
93.96,24.3
94.77,24.3
95.58,24.3
97.2,24.3
49.41,23.49
51.03,23.49
51.84,23.49
52.65,23.49
55.89,23.49
58.32,23.49
59.13,23.49
59.94,23.49
60.75,23.49
61.56,23.49
63.99,23.49
64.8,23.49
66.42,23.49
68.85,23.49
70.47,23.49
76.14,23.49
77.76,23.49
80.19,23.49
81.81,23.49
82.62,23.49
85.05,23.49
85.86,23.49
86.67,23.49
87.48,23.49
88.29,23.49
90.72,23.49
93.96,23.49
94.77,23.49
95.58,23.49
97.2,23.49
49.41,22.68
51.03,22.68
51.84,22.68
52.65,22.68
55.89,22.68
58.32,22.68
59.13,22.68
59.94,22.68
60.75,22.68
61.56,22.68
63.99,22.68
64.8,22.68
66.42,22.68
68.85,22.68
70.47,22.68
76.14,22.68
77.76,22.68
80.19,22.68
81.81,22.68
82.62,22.68
85.05,22.68
85.86,22.68
86.67,22.68
87.48,22.68
88.29,22.68
90.72,22.68
93.96,22.68
94.77,22.68
95.58,22.68
97.2,22.68
49.41,21.87
51.03,21.87
51.84,21.87
52.65,21.87
55.89,21.87
58.32,21.87
59.13,21.87
59.94,21.87
60.75,21.87
61.56,21.87
63.99,21.87
64.8,21.87
66.42,21.87
68.85,21.87
70.47,21.87
76.14,21.87
77.76,21.87
80.19,21.87
81.81,21.87
82.62,21.87
85.05,21.87
85.86,21.87
86.67,21.87
87.48,21.87
88.29,21.87
90.72,21.87
93.96,21.87
94.77,21.87
95.58,21.87
97.2,21.87
50.22,21.06
53.46,21.06
54.27,21.06
55.08,21.06
56.7,21.06
57.51,21.06
62.37,21.06
63.18,21.06
65.61,21.06
67.23,21.06
68.04,21.06
69.66,21.06
71.28,21.06
72.09,21.06
72.9,21.06
73.71,21.06
74.52,21.06
75.33,21.06
76.95,21.06
78.57,21.06
79.38,21.06
81.0,21.06
83.43,21.06
84.24,21.06
89.1,21.06
89.91,21.06
91.53,21.06
92.34,21.06
93.15,21.06
96.39,21.06
49.41,20.25
51.03,20.25
51.84,20.25
52.65,20.25
55.89,20.25
58.32,20.25
59.13,20.25
59.94,20.25
60.75,20.25
61.56,20.25
63.99,20.25
64.8,20.25
66.42,20.25
68.85,20.25
70.47,20.25
76.14,20.25
77.76,20.25
80.19,20.25
81.81,20.25
82.62,20.25
85.05,20.25
85.86,20.25
86.67,20.25
87.48,20.25
88.29,20.25
90.72,20.25
93.96,20.25
94.77,20.25
95.58,20.25
97.2,20.25
50.22,19.44
53.46,19.44
54.27,19.44
55.08,19.44
56.7,19.44
57.51,19.44
62.37,19.44
63.18,19.44
65.61,19.44
67.23,19.44
68.04,19.44
69.66,19.44
71.28,19.44
72.09,19.44
72.9,19.44
73.71,19.44
74.52,19.44
75.33,19.44
76.95,19.44
78.57,19.44
79.38,19.44
81.0,19.44
83.43,19.44
84.24,19.44
89.1,19.44
89.91,19.44
91.53,19.44
92.34,19.44
93.15,19.44
96.39,19.44
49.41,18.63
51.03,18.63
51.84,18.63
52.65,18.63
55.89,18.63
58.32,18.63
59.13,18.63
59.94,18.63
60.75,18.63
61.56,18.63
63.99,18.63
64.8,18.63
66.42,18.63
68.85,18.63
70.47,18.63
76.14,18.63
77.76,18.63
80.19,18.63
81.81,18.63
82.62,18.63
85.05,18.63
85.86,18.63
86.67,18.63
87.48,18.63
88.29,18.63
90.72,18.63
93.96,18.63
94.77,18.63
95.58,18.63
97.2,18.63
49.41,17.82
51.03,17.82
51.84,17.82
52.65,17.82
55.89,17.82
58.32,17.82
59.13,17.82
59.94,17.82
60.75,17.82
61.56,17.82
63.99,17.82
64.8,17.82
66.42,17.82
68.85,17.82
70.47,17.82
76.14,17.82
77.76,17.82
80.19,17.82
81.81,17.82
82.62,17.82
85.05,17.82
85.86,17.82
86.67,17.82
87.48,17.82
88.29,17.82
90.72,17.82
93.96,17.82
94.77,17.82
95.58,17.82
97.2,17.82
50.22,17.01
53.46,17.01
54.27,17.01
55.08,17.01
56.7,17.01
57.51,17.01
62.37,17.01
63.18,17.01
65.61,17.01
67.23,17.01
68.04,17.01
69.66,17.01
71.28,17.01
72.09,17.01
72.9,17.01
73.71,17.01
74.52,17.01
75.33,17.01
76.95,17.01
78.57,17.01
79.38,17.01
81.0,17.01
83.43,17.01
84.24,17.01
89.1,17.01
89.91,17.01
91.53,17.01
92.34,17.01
93.15,17.01
96.39,17.01
49.41,16.2
51.03,16.2
51.84,16.2
52.65,16.2
55.89,16.2
58.32,16.2
59.13,16.2
59.94,16.2
60.75,16.2
61.56,16.2
63.99,16.2
64.8,16.2
66.42,16.2
68.85,16.2
70.47,16.2
76.14,16.2
77.76,16.2
80.19,16.2
81.81,16.2
82.62,16.2
85.05,16.2
85.86,16.2
86.67,16.2
87.48,16.2
88.29,16.2
90.72,16.2
93.96,16.2
94.77,16.2
95.58,16.2
97.2,16.2
50.22,15.39
53.46,15.39
54.27,15.39
55.08,15.39
56.7,15.39
57.51,15.39
62.37,15.39
63.18,15.39
65.61,15.39
67.23,15.39
68.04,15.39
69.66,15.39
71.28,15.39
72.09,15.39
72.9,15.39
73.71,15.39
74.52,15.39
75.33,15.39
76.95,15.39
78.57,15.39
79.38,15.39
81.0,15.39
83.43,15.39
84.24,15.39
89.1,15.39
89.91,15.39
91.53,15.39
92.34,15.39
93.15,15.39
96.39,15.39
50.22,14.58
53.46,14.58
54.27,14.58
55.08,14.58
56.7,14.58
57.51,14.58
62.37,14.58
63.18,14.58
65.61,14.58
67.23,14.58
68.04,14.58
69.66,14.58
71.28,14.58
72.09,14.58
72.9,14.58
73.71,14.58
74.52,14.58
75.33,14.58
76.95,14.58
78.57,14.58
79.38,14.58
81.0,14.58
83.43,14.58
84.24,14.58
89.1,14.58
89.91,14.58
91.53,14.58
92.34,14.58
93.15,14.58
96.39,14.58
49.41,13.77
51.03,13.77
51.84,13.77
52.65,13.77
55.89,13.77
58.32,13.77
59.13,13.77
59.94,13.77
60.75,13.77
61.56,13.77
63.99,13.77
64.8,13.77
66.42,13.77
68.85,13.77
70.47,13.77
76.14,13.77
77.76,13.77
80.19,13.77
81.81,13.77
82.62,13.77
85.05,13.77
85.86,13.77
86.67,13.77
87.48,13.77
88.29,13.77
90.72,13.77
93.96,13.77
94.77,13.77
95.58,13.77
97.2,13.77
49.41,12.96
51.03,12.96
51.84,12.96
52.65,12.96
55.89,12.96
58.32,12.96
59.13,12.96
59.94,12.96
60.75,12.96
61.56,12.96
63.99,12.96
64.8,12.96
66.42,12.96
68.85,12.96
70.47,12.96
76.14,12.96
77.76,12.96
80.19,12.96
81.81,12.96
82.62,12.96
85.05,12.96
85.86,12.96
86.67,12.96
87.48,12.96
88.29,12.96
90.72,12.96
93.96,12.96
94.77,12.96
95.58,12.96
97.2,12.96
50.22,12.15
53.46,12.15
54.27,12.15
55.08,12.15
56.7,12.15
57.51,12.15
62.37,12.15
63.18,12.15
65.61,12.15
67.23,12.15
68.04,12.15
69.66,12.15
71.28,12.15
72.09,12.15
72.9,12.15
73.71,12.15
74.52,12.15
75.33,12.15
76.95,12.15
78.57,12.15
79.38,12.15
81.0,12.15
83.43,12.15
84.24,12.15
89.1,12.15
89.91,12.15
91.53,12.15
92.34,12.15
93.15,12.15
96.39,12.15
50.22,11.34
53.46,11.34
54.27,11.34
55.08,11.34
56.7,11.34
57.51,11.34
62.37,11.34
63.18,11.34
65.61,11.34
67.23,11.34
68.04,11.34
69.66,11.34
71.28,11.34
72.09,11.34
72.9,11.34
73.71,11.34
74.52,11.34
75.33,11.34
76.95,11.34
78.57,11.34
79.38,11.34
81.0,11.34
83.43,11.34
84.24,11.34
89.1,11.34
89.91,11.34
91.53,11.34
92.34,11.34
93.15,11.34
96.39,11.34
50.22,10.53
53.46,10.53
54.27,10.53
55.08,10.53
56.7,10.53
57.51,10.53
62.37,10.53
63.18,10.53
65.61,10.53
67.23,10.53
68.04,10.53
69.66,10.53
71.28,10.53
72.09,10.53
72.9,10.53
73.71,10.53
74.52,10.53
75.33,10.53
76.95,10.53
78.57,10.53
79.38,10.53
81.0,10.53
83.43,10.53
84.24,10.53
89.1,10.53
89.91,10.53
91.53,10.53
92.34,10.53
93.15,10.53
96.39,10.53
50.22,9.72
53.46,9.72
54.27,9.72
55.08,9.72
56.7,9.72
57.51,9.72
62.37,9.72
63.18,9.72
65.61,9.72
67.23,9.72
68.04,9.72
69.66,9.72
71.28,9.72
72.09,9.72
72.9,9.72
73.71,9.72
74.52,9.72
75.33,9.72
76.95,9.72
78.57,9.72
79.38,9.72
81.0,9.72
83.43,9.72
84.24,9.72
89.1,9.72
89.91,9.72
91.53,9.72
92.34,9.72
93.15,9.72
96.39,9.72
50.22,8.91
53.46,8.91
54.27,8.91
55.08,8.91
56.7,8.91
57.51,8.91
62.37,8.91
63.18,8.91
65.61,8.91
67.23,8.91
68.04,8.91
69.66,8.91
71.28,8.91
72.09,8.91
72.9,8.91
73.71,8.91
74.52,8.91
75.33,8.91
76.95,8.91
78.57,8.91
79.38,8.91
81.0,8.91
83.43,8.91
84.24,8.91
89.1,8.91
89.91,8.91
91.53,8.91
92.34,8.91
93.15,8.91
96.39,8.91
49.41,8.1
51.03,8.1
51.84,8.1
52.65,8.1
55.89,8.1
58.32,8.1
59.13,8.1
59.94,8.1
60.75,8.1
61.56,8.1
63.99,8.1
64.8,8.1
66.42,8.1
68.85,8.1
70.47,8.1
76.14,8.1
77.76,8.1
80.19,8.1
81.81,8.1
82.62,8.1
85.05,8.1
85.86,8.1
86.67,8.1
87.48,8.1
88.29,8.1
90.72,8.1
93.96,8.1
94.77,8.1
95.58,8.1
97.2,8.1
49.41,7.29
51.03,7.29
51.84,7.29
52.65,7.29
55.89,7.29
58.32,7.29
59.13,7.29
59.94,7.29
60.75,7.29
61.56,7.29
63.99,7.29
64.8,7.29
66.42,7.29
68.85,7.29
70.47,7.29
76.14,7.29
77.76,7.29
80.19,7.29
81.81,7.29
82.62,7.29
85.05,7.29
85.86,7.29
86.67,7.29
87.48,7.29
88.29,7.29
90.72,7.29
93.96,7.29
94.77,7.29
95.58,7.29
97.2,7.29
50.22,6.48
53.46,6.48
54.27,6.48
55.08,6.48
56.7,6.48
57.51,6.48
62.37,6.48
63.18,6.48
65.61,6.48
67.23,6.48
68.04,6.48
69.66,6.48
71.28,6.48
72.09,6.48
72.9,6.48
73.71,6.48
74.52,6.48
75.33,6.48
76.95,6.48
78.57,6.48
79.38,6.48
81.0,6.48
83.43,6.48
84.24,6.48
89.1,6.48
89.91,6.48
91.53,6.48
92.34,6.48
93.15,6.48
96.39,6.48
49.41,5.67
51.03,5.67
51.84,5.67
52.65,5.67
55.89,5.67
58.32,5.67
59.13,5.67
59.94,5.67
60.75,5.67
61.56,5.67
63.99,5.67
64.8,5.67
66.42,5.67
68.85,5.67
70.47,5.67
76.14,5.67
77.76,5.67
80.19,5.67
81.81,5.67
82.62,5.67
85.05,5.67
85.86,5.67
86.67,5.67
87.48,5.67
88.29,5.67
90.72,5.67
93.96,5.67
94.77,5.67
95.58,5.67
97.2,5.67
49.41,4.86
51.03,4.86
51.84,4.86
52.65,4.86
55.89,4.86
58.32,4.86
59.13,4.86
59.94,4.86
60.75,4.86
61.56,4.86
63.99,4.86
64.8,4.86
66.42,4.86
68.85,4.86
70.47,4.86
76.14,4.86
77.76,4.86
80.19,4.86
81.81,4.86
82.62,4.86
85.05,4.86
85.86,4.86
86.67,4.86
87.48,4.86
88.29,4.86
90.72,4.86
93.96,4.86
94.77,4.86
95.58,4.86
97.2,4.86
49.41,4.05
51.03,4.05
51.84,4.05
52.65,4.05
55.89,4.05
58.32,4.05
59.13,4.05
59.94,4.05
60.75,4.05
61.56,4.05
63.99,4.05
64.8,4.05
66.42,4.05
68.85,4.05
70.47,4.05
76.14,4.05
77.76,4.05
80.19,4.05
81.81,4.05
82.62,4.05
85.05,4.05
85.86,4.05
86.67,4.05
87.48,4.05
88.29,4.05
90.72,4.05
93.96,4.05
94.77,4.05
95.58,4.05
97.2,4.05
50.22,3.24
53.46,3.24
54.27,3.24
55.08,3.24
56.7,3.24
57.51,3.24
62.37,3.24
63.18,3.24
65.61,3.24
67.23,3.24
68.04,3.24
69.66,3.24
71.28,3.24
72.09,3.24
72.9,3.24
73.71,3.24
74.52,3.24
75.33,3.24
76.95,3.24
78.57,3.24
79.38,3.24
81.0,3.24
83.43,3.24
84.24,3.24
89.1,3.24
89.91,3.24
91.53,3.24
92.34,3.24
93.15,3.24
96.39,3.24
50.22,2.43
53.46,2.43
54.27,2.43
55.08,2.43
56.7,2.43
57.51,2.43
62.37,2.43
63.18,2.43
65.61,2.43
67.23,2.43
68.04,2.43
69.66,2.43
71.28,2.43
72.09,2.43
72.9,2.43
73.71,2.43
74.52,2.43
75.33,2.43
76.95,2.43
78.57,2.43
79.38,2.43
81.0,2.43
83.43,2.43
84.24,2.43
89.1,2.43
89.91,2.43
91.53,2.43
92.34,2.43
93.15,2.43
96.39,2.43
50.22,1.62
53.46,1.62
54.27,1.62
55.08,1.62
56.7,1.62
57.51,1.62
62.37,1.62
63.18,1.62
65.61,1.62
67.23,1.62
68.04,1.62
69.66,1.62
71.28,1.62
72.09,1.62
72.9,1.62
73.71,1.62
74.52,1.62
75.33,1.62
76.95,1.62
78.57,1.62
79.38,1.62
81.0,1.62
83.43,1.62
84.24,1.62
89.1,1.62
89.91,1.62
91.53,1.62
92.34,1.62
93.15,1.62
96.39,1.62
49.41,0.81
51.03,0.81
51.84,0.81
52.65,0.81
55.89,0.81
58.32,0.81
59.13,0.81
59.94,0.81
60.75,0.81
61.56,0.81
63.99,0.81
64.8,0.81
66.42,0.81
68.85,0.81
70.47,0.81
76.14,0.81
77.76,0.81
80.19,0.81
81.81,0.81
82.62,0.81
85.05,0.81
85.86,0.81
86.67,0.81
87.48,0.81
88.29,0.81
90.72,0.81
93.96,0.81
94.77,0.81
95.58,0.81
97.2,0.81
50.22,0.0
53.46,0.0
54.27,0.0
55.08,0.0
56.7,0.0
57.51,0.0
62.37,0.0
63.18,0.0
65.61,0.0
67.23,0.0
68.04,0.0
69.66,0.0
71.28,0.0
72.09,0.0
72.9,0.0
73.71,0.0
74.52,0.0
75.33,0.0
76.95,0.0
78.57,0.0
79.38,0.0
81.0,0.0
83.43,0.0
84.24,0.0
89.1,0.0
89.91,0.0
91.53,0.0
92.34,0.0
93.15,0.0
96.39,0.0
48.6,98.01
49.41,98.01
50.22,98.01
51.03,98.01
51.84,98.01
52.65,98.01
53.46,98.01
54.27,98.01
55.08,98.01
55.89,98.01
56.7,98.01
57.51,98.01
58.32,98.01
59.13,98.01
59.94,98.01
60.75,98.01
61.56,98.01
62.37,98.01
63.18,98.01
63.99,98.01
64.8,98.01
65.61,98.01
66.42,98.01
67.23,98.01
68.04,98.01
68.85,98.01
69.66,98.01
70.47,98.01
71.28,98.01
72.09,98.01
72.9,98.01
73.71,98.01
74.52,98.01
75.33,98.01
76.14,98.01
76.95,98.01
77.76,98.01
78.57,98.01
79.38,98.01
80.19,98.01
81.0,98.01
81.81,98.01
82.62,98.01
83.43,98.01
84.24,98.01
85.05,98.01
85.86,98.01
86.67,98.01
87.48,98.01
88.29,98.01
89.1,98.01
89.91,98.01
90.72,98.01
91.53,98.01
92.34,98.01
93.15,98.01
93.96,98.01
94.77,98.01
95.58,98.01
96.39,98.01
97.2,98.01
50.22,97.2
53.46,97.2
54.27,97.2
55.08,97.2
56.7,97.2
57.51,97.2
62.37,97.2
63.18,97.2
65.61,97.2
67.23,97.2
68.04,97.2
69.66,97.2
71.28,97.2
72.09,97.2
72.9,97.2
73.71,97.2
74.52,97.2
75.33,97.2
76.95,97.2
78.57,97.2
79.38,97.2
81.0,97.2
83.43,97.2
84.24,97.2
89.1,97.2
89.91,97.2
91.53,97.2
92.34,97.2
93.15,97.2
96.39,97.2
49.41,96.39
51.03,96.39
51.84,96.39
52.65,96.39
55.89,96.39
58.32,96.39
59.13,96.39
59.94,96.39
60.75,96.39
61.56,96.39
63.99,96.39
64.8,96.39
66.42,96.39
68.85,96.39
70.47,96.39
76.14,96.39
77.76,96.39
80.19,96.39
81.81,96.39
82.62,96.39
85.05,96.39
85.86,96.39
86.67,96.39
87.48,96.39
88.29,96.39
90.72,96.39
93.96,96.39
94.77,96.39
95.58,96.39
97.2,96.39
50.22,95.58
53.46,95.58
54.27,95.58
55.08,95.58
56.7,95.58
57.51,95.58
62.37,95.58
63.18,95.58
65.61,95.58
67.23,95.58
68.04,95.58
69.66,95.58
71.28,95.58
72.09,95.58
72.9,95.58
73.71,95.58
74.52,95.58
75.33,95.58
76.95,95.58
78.57,95.58
79.38,95.58
81.0,95.58
83.43,95.58
84.24,95.58
89.1,95.58
89.91,95.58
91.53,95.58
92.34,95.58
93.15,95.58
96.39,95.58
50.22,94.77
53.46,94.77
54.27,94.77
55.08,94.77
56.7,94.77
57.51,94.77
62.37,94.77
63.18,94.77
65.61,94.77
67.23,94.77
68.04,94.77
69.66,94.77
71.28,94.77
72.09,94.77
72.9,94.77
73.71,94.77
74.52,94.77
75.33,94.77
76.95,94.77
78.57,94.77
79.38,94.77
81.0,94.77
83.43,94.77
84.24,94.77
89.1,94.77
89.91,94.77
91.53,94.77
92.34,94.77
93.15,94.77
96.39,94.77
50.22,93.96
53.46,93.96
54.27,93.96
55.08,93.96
56.7,93.96
57.51,93.96
62.37,93.96
63.18,93.96
65.61,93.96
67.23,93.96
68.04,93.96
69.66,93.96
71.28,93.96
72.09,93.96
72.9,93.96
73.71,93.96
74.52,93.96
75.33,93.96
76.95,93.96
78.57,93.96
79.38,93.96
81.0,93.96
83.43,93.96
84.24,93.96
89.1,93.96
89.91,93.96
91.53,93.96
92.34,93.96
93.15,93.96
96.39,93.96
49.41,93.15
51.03,93.15
51.84,93.15
52.65,93.15
55.89,93.15
58.32,93.15
59.13,93.15
59.94,93.15
60.75,93.15
61.56,93.15
63.99,93.15
64.8,93.15
66.42,93.15
68.85,93.15
70.47,93.15
76.14,93.15
77.76,93.15
80.19,93.15
81.81,93.15
82.62,93.15
85.05,93.15
85.86,93.15
86.67,93.15
87.48,93.15
88.29,93.15
90.72,93.15
93.96,93.15
94.77,93.15
95.58,93.15
97.2,93.15
49.41,92.34
51.03,92.34
51.84,92.34
52.65,92.34
55.89,92.34
58.32,92.34
59.13,92.34
59.94,92.34
60.75,92.34
61.56,92.34
63.99,92.34
64.8,92.34
66.42,92.34
68.85,92.34
70.47,92.34
76.14,92.34
77.76,92.34
80.19,92.34
81.81,92.34
82.62,92.34
85.05,92.34
85.86,92.34
86.67,92.34
87.48,92.34
88.29,92.34
90.72,92.34
93.96,92.34
94.77,92.34
95.58,92.34
97.2,92.34
49.41,91.53
51.03,91.53
51.84,91.53
52.65,91.53
55.89,91.53
58.32,91.53
59.13,91.53
59.94,91.53
60.75,91.53
61.56,91.53
63.99,91.53
64.8,91.53
66.42,91.53
68.85,91.53
70.47,91.53
76.14,91.53
77.76,91.53
80.19,91.53
81.81,91.53
82.62,91.53
85.05,91.53
85.86,91.53
86.67,91.53
87.48,91.53
88.29,91.53
90.72,91.53
93.96,91.53
94.77,91.53
95.58,91.53
97.2,91.53
50.22,90.72
53.46,90.72
54.27,90.72
55.08,90.72
56.7,90.72
57.51,90.72
62.37,90.72
63.18,90.72
65.61,90.72
67.23,90.72
68.04,90.72
69.66,90.72
71.28,90.72
72.09,90.72
72.9,90.72
73.71,90.72
74.52,90.72
75.33,90.72
76.95,90.72
78.57,90.72
79.38,90.72
81.0,90.72
83.43,90.72
84.24,90.72
89.1,90.72
89.91,90.72
91.53,90.72
92.34,90.72
93.15,90.72
96.39,90.72
49.41,89.91
51.03,89.91
51.84,89.91
52.65,89.91
55.89,89.91
58.32,89.91
59.13,89.91
59.94,89.91
60.75,89.91
61.56,89.91
63.99,89.91
64.8,89.91
66.42,89.91
68.85,89.91
70.47,89.91
76.14,89.91
77.76,89.91
80.19,89.91
81.81,89.91
82.62,89.91
85.05,89.91
85.86,89.91
86.67,89.91
87.48,89.91
88.29,89.91
90.72,89.91
93.96,89.91
94.77,89.91
95.58,89.91
97.2,89.91
49.41,89.1
51.03,89.1
51.84,89.1
52.65,89.1
55.89,89.1
58.32,89.1
59.13,89.1
59.94,89.1
60.75,89.1
61.56,89.1
63.99,89.1
64.8,89.1
66.42,89.1
68.85,89.1
70.47,89.1
76.14,89.1
77.76,89.1
80.19,89.1
81.81,89.1
82.62,89.1
85.05,89.1
85.86,89.1
86.67,89.1
87.48,89.1
88.29,89.1
90.72,89.1
93.96,89.1
94.77,89.1
95.58,89.1
97.2,89.1
50.22,88.29
53.46,88.29
54.27,88.29
55.08,88.29
56.7,88.29
57.51,88.29
62.37,88.29
63.18,88.29
65.61,88.29
67.23,88.29
68.04,88.29
69.66,88.29
71.28,88.29
72.09,88.29
72.9,88.29
73.71,88.29
74.52,88.29
75.33,88.29
76.95,88.29
78.57,88.29
79.38,88.29
81.0,88.29
83.43,88.29
84.24,88.29
89.1,88.29
89.91,88.29
91.53,88.29
92.34,88.29
93.15,88.29
96.39,88.29
50.22,87.48
53.46,87.48
54.27,87.48
55.08,87.48
56.7,87.48
57.51,87.48
62.37,87.48
63.18,87.48
65.61,87.48
67.23,87.48
68.04,87.48
69.66,87.48
71.28,87.48
72.09,87.48
72.9,87.48
73.71,87.48
74.52,87.48
75.33,87.48
76.95,87.48
78.57,87.48
79.38,87.48
81.0,87.48
83.43,87.48
84.24,87.48
89.1,87.48
89.91,87.48
91.53,87.48
92.34,87.48
93.15,87.48
96.39,87.48
50.22,86.67
53.46,86.67
54.27,86.67
55.08,86.67
56.7,86.67
57.51,86.67
62.37,86.67
63.18,86.67
65.61,86.67
67.23,86.67
68.04,86.67
69.66,86.67
71.28,86.67
72.09,86.67
72.9,86.67
73.71,86.67
74.52,86.67
75.33,86.67
76.95,86.67
78.57,86.67
79.38,86.67
81.0,86.67
83.43,86.67
84.24,86.67
89.1,86.67
89.91,86.67
91.53,86.67
92.34,86.67
93.15,86.67
96.39,86.67
50.22,85.86
53.46,85.86
54.27,85.86
55.08,85.86
56.7,85.86
57.51,85.86
62.37,85.86
63.18,85.86
65.61,85.86
67.23,85.86
68.04,85.86
69.66,85.86
71.28,85.86
72.09,85.86
72.9,85.86
73.71,85.86
74.52,85.86
75.33,85.86
76.95,85.86
78.57,85.86
79.38,85.86
81.0,85.86
83.43,85.86
84.24,85.86
89.1,85.86
89.91,85.86
91.53,85.86
92.34,85.86
93.15,85.86
96.39,85.86
50.22,85.05
53.46,85.05
54.27,85.05
55.08,85.05
56.7,85.05
57.51,85.05
62.37,85.05
63.18,85.05
65.61,85.05
67.23,85.05
68.04,85.05
69.66,85.05
71.28,85.05
72.09,85.05
72.9,85.05
73.71,85.05
74.52,85.05
75.33,85.05
76.95,85.05
78.57,85.05
79.38,85.05
81.0,85.05
83.43,85.05
84.24,85.05
89.1,85.05
89.91,85.05
91.53,85.05
92.34,85.05
93.15,85.05
96.39,85.05
49.41,84.24
51.03,84.24
51.84,84.24
52.65,84.24
55.89,84.24
58.32,84.24
59.13,84.24
59.94,84.24
60.75,84.24
61.56,84.24
63.99,84.24
64.8,84.24
66.42,84.24
68.85,84.24
70.47,84.24
76.14,84.24
77.76,84.24
80.19,84.24
81.81,84.24
82.62,84.24
85.05,84.24
85.86,84.24
86.67,84.24
87.48,84.24
88.29,84.24
90.72,84.24
93.96,84.24
94.77,84.24
95.58,84.24
97.2,84.24
49.41,83.43
51.03,83.43
51.84,83.43
52.65,83.43
55.89,83.43
58.32,83.43
59.13,83.43
59.94,83.43
60.75,83.43
61.56,83.43
63.99,83.43
64.8,83.43
66.42,83.43
68.85,83.43
70.47,83.43
76.14,83.43
77.76,83.43
80.19,83.43
81.81,83.43
82.62,83.43
85.05,83.43
85.86,83.43
86.67,83.43
87.48,83.43
88.29,83.43
90.72,83.43
93.96,83.43
94.77,83.43
95.58,83.43
97.2,83.43
50.22,82.62
53.46,82.62
54.27,82.62
55.08,82.62
56.7,82.62
57.51,82.62
62.37,82.62
63.18,82.62
65.61,82.62
67.23,82.62
68.04,82.62
69.66,82.62
71.28,82.62
72.09,82.62
72.9,82.62
73.71,82.62
74.52,82.62
75.33,82.62
76.95,82.62
78.57,82.62
79.38,82.62
81.0,82.62
83.43,82.62
84.24,82.62
89.1,82.62
89.91,82.62
91.53,82.62
92.34,82.62
93.15,82.62
96.39,82.62
50.22,81.81
53.46,81.81
54.27,81.81
55.08,81.81
56.7,81.81
57.51,81.81
62.37,81.81
63.18,81.81
65.61,81.81
67.23,81.81
68.04,81.81
69.66,81.81
71.28,81.81
72.09,81.81
72.9,81.81
73.71,81.81
74.52,81.81
75.33,81.81
76.95,81.81
78.57,81.81
79.38,81.81
81.0,81.81
83.43,81.81
84.24,81.81
89.1,81.81
89.91,81.81
91.53,81.81
92.34,81.81
93.15,81.81
96.39,81.81
49.41,81.0
51.03,81.0
51.84,81.0
52.65,81.0
55.89,81.0
58.32,81.0
59.13,81.0
59.94,81.0
60.75,81.0
61.56,81.0
63.99,81.0
64.8,81.0
66.42,81.0
68.85,81.0
70.47,81.0
76.14,81.0
77.76,81.0
80.19,81.0
81.81,81.0
82.62,81.0
85.05,81.0
85.86,81.0
86.67,81.0
87.48,81.0
88.29,81.0
90.72,81.0
93.96,81.0
94.77,81.0
95.58,81.0
97.2,81.0
50.22,80.19
53.46,80.19
54.27,80.19
55.08,80.19
56.7,80.19
57.51,80.19
62.37,80.19
63.18,80.19
65.61,80.19
67.23,80.19
68.04,80.19
69.66,80.19
71.28,80.19
72.09,80.19
72.9,80.19
73.71,80.19
74.52,80.19
75.33,80.19
76.95,80.19
78.57,80.19
79.38,80.19
81.0,80.19
83.43,80.19
84.24,80.19
89.1,80.19
89.91,80.19
91.53,80.19
92.34,80.19
93.15,80.19
96.39,80.19
49.41,79.38
51.03,79.38
51.84,79.38
52.65,79.38
55.89,79.38
58.32,79.38
59.13,79.38
59.94,79.38
60.75,79.38
61.56,79.38
63.99,79.38
64.8,79.38
66.42,79.38
68.85,79.38
70.47,79.38
76.14,79.38
77.76,79.38
80.19,79.38
81.81,79.38
82.62,79.38
85.05,79.38
85.86,79.38
86.67,79.38
87.48,79.38
88.29,79.38
90.72,79.38
93.96,79.38
94.77,79.38
95.58,79.38
97.2,79.38
49.41,78.57
51.03,78.57
51.84,78.57
52.65,78.57
55.89,78.57
58.32,78.57
59.13,78.57
59.94,78.57
60.75,78.57
61.56,78.57
63.99,78.57
64.8,78.57
66.42,78.57
68.85,78.57
70.47,78.57
76.14,78.57
77.76,78.57
80.19,78.57
81.81,78.57
82.62,78.57
85.05,78.57
85.86,78.57
86.67,78.57
87.48,78.57
88.29,78.57
90.72,78.57
93.96,78.57
94.77,78.57
95.58,78.57
97.2,78.57
50.22,77.76
53.46,77.76
54.27,77.76
55.08,77.76
56.7,77.76
57.51,77.76
62.37,77.76
63.18,77.76
65.61,77.76
67.23,77.76
68.04,77.76
69.66,77.76
71.28,77.76
72.09,77.76
72.9,77.76
73.71,77.76
74.52,77.76
75.33,77.76
76.95,77.76
78.57,77.76
79.38,77.76
81.0,77.76
83.43,77.76
84.24,77.76
89.1,77.76
89.91,77.76
91.53,77.76
92.34,77.76
93.15,77.76
96.39,77.76
49.41,76.95
51.03,76.95
51.84,76.95
52.65,76.95
55.89,76.95
58.32,76.95
59.13,76.95
59.94,76.95
60.75,76.95
61.56,76.95
63.99,76.95
64.8,76.95
66.42,76.95
68.85,76.95
70.47,76.95
76.14,76.95
77.76,76.95
80.19,76.95
81.81,76.95
82.62,76.95
85.05,76.95
85.86,76.95
86.67,76.95
87.48,76.95
88.29,76.95
90.72,76.95
93.96,76.95
94.77,76.95
95.58,76.95
97.2,76.95
50.22,76.14
53.46,76.14
54.27,76.14
55.08,76.14
56.7,76.14
57.51,76.14
62.37,76.14
63.18,76.14
65.61,76.14
67.23,76.14
68.04,76.14
69.66,76.14
71.28,76.14
72.09,76.14
72.9,76.14
73.71,76.14
74.52,76.14
75.33,76.14
76.95,76.14
78.57,76.14
79.38,76.14
81.0,76.14
83.43,76.14
84.24,76.14
89.1,76.14
89.91,76.14
91.53,76.14
92.34,76.14
93.15,76.14
96.39,76.14
49.41,75.33
51.03,75.33
51.84,75.33
52.65,75.33
55.89,75.33
58.32,75.33
59.13,75.33
59.94,75.33
60.75,75.33
61.56,75.33
63.99,75.33
64.8,75.33
66.42,75.33
68.85,75.33
70.47,75.33
76.14,75.33
77.76,75.33
80.19,75.33
81.81,75.33
82.62,75.33
85.05,75.33
85.86,75.33
86.67,75.33
87.48,75.33
88.29,75.33
90.72,75.33
93.96,75.33
94.77,75.33
95.58,75.33
97.2,75.33
49.41,74.52
51.03,74.52
51.84,74.52
52.65,74.52
55.89,74.52
58.32,74.52
59.13,74.52
59.94,74.52
60.75,74.52
61.56,74.52
63.99,74.52
64.8,74.52
66.42,74.52
68.85,74.52
70.47,74.52
76.14,74.52
77.76,74.52
80.19,74.52
81.81,74.52
82.62,74.52
85.05,74.52
85.86,74.52
86.67,74.52
87.48,74.52
88.29,74.52
90.72,74.52
93.96,74.52
94.77,74.52
95.58,74.52
97.2,74.52
49.41,73.71
51.03,73.71
51.84,73.71
52.65,73.71
55.89,73.71
58.32,73.71
59.13,73.71
59.94,73.71
60.75,73.71
61.56,73.71
63.99,73.71
64.8,73.71
66.42,73.71
68.85,73.71
70.47,73.71
76.14,73.71
77.76,73.71
80.19,73.71
81.81,73.71
82.62,73.71
85.05,73.71
85.86,73.71
86.67,73.71
87.48,73.71
88.29,73.71
90.72,73.71
93.96,73.71
94.77,73.71
95.58,73.71
97.2,73.71
49.41,72.9
51.03,72.9
51.84,72.9
52.65,72.9
55.89,72.9
58.32,72.9
59.13,72.9
59.94,72.9
60.75,72.9
61.56,72.9
63.99,72.9
64.8,72.9
66.42,72.9
68.85,72.9
70.47,72.9
76.14,72.9
77.76,72.9
80.19,72.9
81.81,72.9
82.62,72.9
85.05,72.9
85.86,72.9
86.67,72.9
87.48,72.9
88.29,72.9
90.72,72.9
93.96,72.9
94.77,72.9
95.58,72.9
97.2,72.9
49.41,72.09
51.03,72.09
51.84,72.09
52.65,72.09
55.89,72.09
58.32,72.09
59.13,72.09
59.94,72.09
60.75,72.09
61.56,72.09
63.99,72.09
64.8,72.09
66.42,72.09
68.85,72.09
70.47,72.09
76.14,72.09
77.76,72.09
80.19,72.09
81.81,72.09
82.62,72.09
85.05,72.09
85.86,72.09
86.67,72.09
87.48,72.09
88.29,72.09
90.72,72.09
93.96,72.09
94.77,72.09
95.58,72.09
97.2,72.09
49.41,71.28
51.03,71.28
51.84,71.28
52.65,71.28
55.89,71.28
58.32,71.28
59.13,71.28
59.94,71.28
60.75,71.28
61.56,71.28
63.99,71.28
64.8,71.28
66.42,71.28
68.85,71.28
70.47,71.28
76.14,71.28
77.76,71.28
80.19,71.28
81.81,71.28
82.62,71.28
85.05,71.28
85.86,71.28
86.67,71.28
87.48,71.28
88.29,71.28
90.72,71.28
93.96,71.28
94.77,71.28
95.58,71.28
97.2,71.28
50.22,70.47
53.46,70.47
54.27,70.47
55.08,70.47
56.7,70.47
57.51,70.47
62.37,70.47
63.18,70.47
65.61,70.47
67.23,70.47
68.04,70.47
69.66,70.47
71.28,70.47
72.09,70.47
72.9,70.47
73.71,70.47
74.52,70.47
75.33,70.47
76.95,70.47
78.57,70.47
79.38,70.47
81.0,70.47
83.43,70.47
84.24,70.47
89.1,70.47
89.91,70.47
91.53,70.47
92.34,70.47
93.15,70.47
96.39,70.47
49.41,69.66
51.03,69.66
51.84,69.66
52.65,69.66
55.89,69.66
58.32,69.66
59.13,69.66
59.94,69.66
60.75,69.66
61.56,69.66
63.99,69.66
64.8,69.66
66.42,69.66
68.85,69.66
70.47,69.66
76.14,69.66
77.76,69.66
80.19,69.66
81.81,69.66
82.62,69.66
85.05,69.66
85.86,69.66
86.67,69.66
87.48,69.66
88.29,69.66
90.72,69.66
93.96,69.66
94.77,69.66
95.58,69.66
97.2,69.66
50.22,68.85
53.46,68.85
54.27,68.85
55.08,68.85
56.7,68.85
57.51,68.85
62.37,68.85
63.18,68.85
65.61,68.85
67.23,68.85
68.04,68.85
69.66,68.85
71.28,68.85
72.09,68.85
72.9,68.85
73.71,68.85
74.52,68.85
75.33,68.85
76.95,68.85
78.57,68.85
79.38,68.85
81.0,68.85
83.43,68.85
84.24,68.85
89.1,68.85
89.91,68.85
91.53,68.85
92.34,68.85
93.15,68.85
96.39,68.85
49.41,68.04
51.03,68.04
51.84,68.04
52.65,68.04
55.89,68.04
58.32,68.04
59.13,68.04
59.94,68.04
60.75,68.04
61.56,68.04
63.99,68.04
64.8,68.04
66.42,68.04
68.85,68.04
70.47,68.04
76.14,68.04
77.76,68.04
80.19,68.04
81.81,68.04
82.62,68.04
85.05,68.04
85.86,68.04
86.67,68.04
87.48,68.04
88.29,68.04
90.72,68.04
93.96,68.04
94.77,68.04
95.58,68.04
97.2,68.04
49.41,67.23
51.03,67.23
51.84,67.23
52.65,67.23
55.89,67.23
58.32,67.23
59.13,67.23
59.94,67.23
60.75,67.23
61.56,67.23
63.99,67.23
64.8,67.23
66.42,67.23
68.85,67.23
70.47,67.23
76.14,67.23
77.76,67.23
80.19,67.23
81.81,67.23
82.62,67.23
85.05,67.23
85.86,67.23
86.67,67.23
87.48,67.23
88.29,67.23
90.72,67.23
93.96,67.23
94.77,67.23
95.58,67.23
97.2,67.23
50.22,66.42
53.46,66.42
54.27,66.42
55.08,66.42
56.7,66.42
57.51,66.42
62.37,66.42
63.18,66.42
65.61,66.42
67.23,66.42
68.04,66.42
69.66,66.42
71.28,66.42
72.09,66.42
72.9,66.42
73.71,66.42
74.52,66.42
75.33,66.42
76.95,66.42
78.57,66.42
79.38,66.42
81.0,66.42
83.43,66.42
84.24,66.42
89.1,66.42
89.91,66.42
91.53,66.42
92.34,66.42
93.15,66.42
96.39,66.42
49.41,65.61
51.03,65.61
51.84,65.61
52.65,65.61
55.89,65.61
58.32,65.61
59.13,65.61
59.94,65.61
60.75,65.61
61.56,65.61
63.99,65.61
64.8,65.61
66.42,65.61
68.85,65.61
70.47,65.61
76.14,65.61
77.76,65.61
80.19,65.61
81.81,65.61
82.62,65.61
85.05,65.61
85.86,65.61
86.67,65.61
87.48,65.61
88.29,65.61
90.72,65.61
93.96,65.61
94.77,65.61
95.58,65.61
97.2,65.61
50.22,64.8
53.46,64.8
54.27,64.8
55.08,64.8
56.7,64.8
57.51,64.8
62.37,64.8
63.18,64.8
65.61,64.8
67.23,64.8
68.04,64.8
69.66,64.8
71.28,64.8
72.09,64.8
72.9,64.8
73.71,64.8
74.52,64.8
75.33,64.8
76.95,64.8
78.57,64.8
79.38,64.8
81.0,64.8
83.43,64.8
84.24,64.8
89.1,64.8
89.91,64.8
91.53,64.8
92.34,64.8
93.15,64.8
96.39,64.8
50.22,63.99
53.46,63.99
54.27,63.99
55.08,63.99
56.7,63.99
57.51,63.99
62.37,63.99
63.18,63.99
65.61,63.99
67.23,63.99
68.04,63.99
69.66,63.99
71.28,63.99
72.09,63.99
72.9,63.99
73.71,63.99
74.52,63.99
75.33,63.99
76.95,63.99
78.57,63.99
79.38,63.99
81.0,63.99
83.43,63.99
84.24,63.99
89.1,63.99
89.91,63.99
91.53,63.99
92.34,63.99
93.15,63.99
96.39,63.99
49.41,63.18
51.03,63.18
51.84,63.18
52.65,63.18
55.89,63.18
58.32,63.18
59.13,63.18
59.94,63.18
60.75,63.18
61.56,63.18
63.99,63.18
64.8,63.18
66.42,63.18
68.85,63.18
70.47,63.18
76.14,63.18
77.76,63.18
80.19,63.18
81.81,63.18
82.62,63.18
85.05,63.18
85.86,63.18
86.67,63.18
87.48,63.18
88.29,63.18
90.72,63.18
93.96,63.18
94.77,63.18
95.58,63.18
97.2,63.18
49.41,62.37
51.03,62.37
51.84,62.37
52.65,62.37
55.89,62.37
58.32,62.37
59.13,62.37
59.94,62.37
60.75,62.37
61.56,62.37
63.99,62.37
64.8,62.37
66.42,62.37
68.85,62.37
70.47,62.37
76.14,62.37
77.76,62.37
80.19,62.37
81.81,62.37
82.62,62.37
85.05,62.37
85.86,62.37
86.67,62.37
87.48,62.37
88.29,62.37
90.72,62.37
93.96,62.37
94.77,62.37
95.58,62.37
97.2,62.37
50.22,61.56
53.46,61.56
54.27,61.56
55.08,61.56
56.7,61.56
57.51,61.56
62.37,61.56
63.18,61.56
65.61,61.56
67.23,61.56
68.04,61.56
69.66,61.56
71.28,61.56
72.09,61.56
72.9,61.56
73.71,61.56
74.52,61.56
75.33,61.56
76.95,61.56
78.57,61.56
79.38,61.56
81.0,61.56
83.43,61.56
84.24,61.56
89.1,61.56
89.91,61.56
91.53,61.56
92.34,61.56
93.15,61.56
96.39,61.56
50.22,60.75
53.46,60.75
54.27,60.75
55.08,60.75
56.7,60.75
57.51,60.75
62.37,60.75
63.18,60.75
65.61,60.75
67.23,60.75
68.04,60.75
69.66,60.75
71.28,60.75
72.09,60.75
72.9,60.75
73.71,60.75
74.52,60.75
75.33,60.75
76.95,60.75
78.57,60.75
79.38,60.75
81.0,60.75
83.43,60.75
84.24,60.75
89.1,60.75
89.91,60.75
91.53,60.75
92.34,60.75
93.15,60.75
96.39,60.75
50.22,59.94
53.46,59.94
54.27,59.94
55.08,59.94
56.7,59.94
57.51,59.94
62.37,59.94
63.18,59.94
65.61,59.94
67.23,59.94
68.04,59.94
69.66,59.94
71.28,59.94
72.09,59.94
72.9,59.94
73.71,59.94
74.52,59.94
75.33,59.94
76.95,59.94
78.57,59.94
79.38,59.94
81.0,59.94
83.43,59.94
84.24,59.94
89.1,59.94
89.91,59.94
91.53,59.94
92.34,59.94
93.15,59.94
96.39,59.94
50.22,59.13
53.46,59.13
54.27,59.13
55.08,59.13
56.7,59.13
57.51,59.13
62.37,59.13
63.18,59.13
65.61,59.13
67.23,59.13
68.04,59.13
69.66,59.13
71.28,59.13
72.09,59.13
72.9,59.13
73.71,59.13
74.52,59.13
75.33,59.13
76.95,59.13
78.57,59.13
79.38,59.13
81.0,59.13
83.43,59.13
84.24,59.13
89.1,59.13
89.91,59.13
91.53,59.13
92.34,59.13
93.15,59.13
96.39,59.13
50.22,58.32
53.46,58.32
54.27,58.32
55.08,58.32
56.7,58.32
57.51,58.32
62.37,58.32
63.18,58.32
65.61,58.32
67.23,58.32
68.04,58.32
69.66,58.32
71.28,58.32
72.09,58.32
72.9,58.32
73.71,58.32
74.52,58.32
75.33,58.32
76.95,58.32
78.57,58.32
79.38,58.32
81.0,58.32
83.43,58.32
84.24,58.32
89.1,58.32
89.91,58.32
91.53,58.32
92.34,58.32
93.15,58.32
96.39,58.32
49.41,57.51
51.03,57.51
51.84,57.51
52.65,57.51
55.89,57.51
58.32,57.51
59.13,57.51
59.94,57.51
60.75,57.51
61.56,57.51
63.99,57.51
64.8,57.51
66.42,57.51
68.85,57.51
70.47,57.51
76.14,57.51
77.76,57.51
80.19,57.51
81.81,57.51
82.62,57.51
85.05,57.51
85.86,57.51
86.67,57.51
87.48,57.51
88.29,57.51
90.72,57.51
93.96,57.51
94.77,57.51
95.58,57.51
97.2,57.51
49.41,56.7
51.03,56.7
51.84,56.7
52.65,56.7
55.89,56.7
58.32,56.7
59.13,56.7
59.94,56.7
60.75,56.7
61.56,56.7
63.99,56.7
64.8,56.7
66.42,56.7
68.85,56.7
70.47,56.7
76.14,56.7
77.76,56.7
80.19,56.7
81.81,56.7
82.62,56.7
85.05,56.7
85.86,56.7
86.67,56.7
87.48,56.7
88.29,56.7
90.72,56.7
93.96,56.7
94.77,56.7
95.58,56.7
97.2,56.7
50.22,55.89
53.46,55.89
54.27,55.89
55.08,55.89
56.7,55.89
57.51,55.89
62.37,55.89
63.18,55.89
65.61,55.89
67.23,55.89
68.04,55.89
69.66,55.89
71.28,55.89
72.09,55.89
72.9,55.89
73.71,55.89
74.52,55.89
75.33,55.89
76.95,55.89
78.57,55.89
79.38,55.89
81.0,55.89
83.43,55.89
84.24,55.89
89.1,55.89
89.91,55.89
91.53,55.89
92.34,55.89
93.15,55.89
96.39,55.89
49.41,55.08
51.03,55.08
51.84,55.08
52.65,55.08
55.89,55.08
58.32,55.08
59.13,55.08
59.94,55.08
60.75,55.08
61.56,55.08
63.99,55.08
64.8,55.08
66.42,55.08
68.85,55.08
70.47,55.08
76.14,55.08
77.76,55.08
80.19,55.08
81.81,55.08
82.62,55.08
85.05,55.08
85.86,55.08
86.67,55.08
87.48,55.08
88.29,55.08
90.72,55.08
93.96,55.08
94.77,55.08
95.58,55.08
97.2,55.08
49.41,54.27
51.03,54.27
51.84,54.27
52.65,54.27
55.89,54.27
58.32,54.27
59.13,54.27
59.94,54.27
60.75,54.27
61.56,54.27
63.99,54.27
64.8,54.27
66.42,54.27
68.85,54.27
70.47,54.27
76.14,54.27
77.76,54.27
80.19,54.27
81.81,54.27
82.62,54.27
85.05,54.27
85.86,54.27
86.67,54.27
87.48,54.27
88.29,54.27
90.72,54.27
93.96,54.27
94.77,54.27
95.58,54.27
97.2,54.27
49.41,53.46
51.03,53.46
51.84,53.46
52.65,53.46
55.89,53.46
58.32,53.46
59.13,53.46
59.94,53.46
60.75,53.46
61.56,53.46
63.99,53.46
64.8,53.46
66.42,53.46
68.85,53.46
70.47,53.46
76.14,53.46
77.76,53.46
80.19,53.46
81.81,53.46
82.62,53.46
85.05,53.46
85.86,53.46
86.67,53.46
87.48,53.46
88.29,53.46
90.72,53.46
93.96,53.46
94.77,53.46
95.58,53.46
97.2,53.46
50.22,52.65
53.46,52.65
54.27,52.65
55.08,52.65
56.7,52.65
57.51,52.65
62.37,52.65
63.18,52.65
65.61,52.65
67.23,52.65
68.04,52.65
69.66,52.65
71.28,52.65
72.09,52.65
72.9,52.65
73.71,52.65
74.52,52.65
75.33,52.65
76.95,52.65
78.57,52.65
79.38,52.65
81.0,52.65
83.43,52.65
84.24,52.65
89.1,52.65
89.91,52.65
91.53,52.65
92.34,52.65
93.15,52.65
96.39,52.65
50.22,51.84
53.46,51.84
54.27,51.84
55.08,51.84
56.7,51.84
57.51,51.84
62.37,51.84
63.18,51.84
65.61,51.84
67.23,51.84
68.04,51.84
69.66,51.84
71.28,51.84
72.09,51.84
72.9,51.84
73.71,51.84
74.52,51.84
75.33,51.84
76.95,51.84
78.57,51.84
79.38,51.84
81.0,51.84
83.43,51.84
84.24,51.84
89.1,51.84
89.91,51.84
91.53,51.84
92.34,51.84
93.15,51.84
96.39,51.84
50.22,51.03
53.46,51.03
54.27,51.03
55.08,51.03
56.7,51.03
57.51,51.03
62.37,51.03
63.18,51.03
65.61,51.03
67.23,51.03
68.04,51.03
69.66,51.03
71.28,51.03
72.09,51.03
72.9,51.03
73.71,51.03
74.52,51.03
75.33,51.03
76.95,51.03
78.57,51.03
79.38,51.03
81.0,51.03
83.43,51.03
84.24,51.03
89.1,51.03
89.91,51.03
91.53,51.03
92.34,51.03
93.15,51.03
96.39,51.03
49.41,50.22
51.03,50.22
51.84,50.22
52.65,50.22
55.89,50.22
58.32,50.22
59.13,50.22
59.94,50.22
60.75,50.22
61.56,50.22
63.99,50.22
64.8,50.22
66.42,50.22
68.85,50.22
70.47,50.22
76.14,50.22
77.76,50.22
80.19,50.22
81.81,50.22
82.62,50.22
85.05,50.22
85.86,50.22
86.67,50.22
87.48,50.22
88.29,50.22
90.72,50.22
93.96,50.22
94.77,50.22
95.58,50.22
97.2,50.22
50.22,49.41
53.46,49.41
54.27,49.41
55.08,49.41
56.7,49.41
57.51,49.41
62.37,49.41
63.18,49.41
65.61,49.41
67.23,49.41
68.04,49.41
69.66,49.41
71.28,49.41
72.09,49.41
72.9,49.41
73.71,49.41
74.52,49.41
75.33,49.41
76.95,49.41
78.57,49.41
79.38,49.41
81.0,49.41
83.43,49.41
84.24,49.41
89.1,49.41
89.91,49.41
91.53,49.41
92.34,49.41
93.15,49.41
96.39,49.41
0.0,48.6
0.81,48.6
1.62,48.6
2.43,48.6
3.24,48.6
4.05,48.6
4.86,48.6
5.67,48.6
6.48,48.6
7.29,48.6
8.1,48.6
8.91,48.6
9.72,48.6
10.53,48.6
11.34,48.6
12.15,48.6
12.96,48.6
13.77,48.6
14.58,48.6
15.39,48.6
16.2,48.6
17.01,48.6
17.82,48.6
18.63,48.6
19.44,48.6
20.25,48.6
21.06,48.6
21.87,48.6
22.68,48.6
23.49,48.6
24.3,48.6
25.11,48.6
25.92,48.6
26.73,48.6
27.54,48.6
28.35,48.6
29.16,48.6
29.97,48.6
30.78,48.6
31.59,48.6
32.4,48.6
33.21,48.6
34.02,48.6
34.83,48.6
35.64,48.6
36.45,48.6
37.26,48.6
38.07,48.6
38.88,48.6
39.69,48.6
40.5,48.6
41.31,48.6
42.12,48.6
42.93,48.6
43.74,48.6
44.55,48.6
45.36,48.6
46.17,48.6
46.98,48.6
47.79,48.6
0.81,47.79
4.05,47.79
4.86,47.79
5.67,47.79
7.29,47.79
8.1,47.79
12.96,47.79
13.77,47.79
16.2,47.79
17.82,47.79
18.63,47.79
20.25,47.79
21.87,47.79
22.68,47.79
23.49,47.79
24.3,47.79
25.11,47.79
25.92,47.79
27.54,47.79
29.16,47.79
29.97,47.79
31.59,47.79
34.02,47.79
34.83,47.79
39.69,47.79
40.5,47.79
42.12,47.79
42.93,47.79
43.74,47.79
46.98,47.79
0.0,46.98
1.62,46.98
2.43,46.98
3.24,46.98
6.48,46.98
8.91,46.98
9.72,46.98
10.53,46.98
11.34,46.98
12.15,46.98
14.58,46.98
15.39,46.98
17.01,46.98
19.44,46.98
21.06,46.98
26.73,46.98
28.35,46.98
30.78,46.98
32.4,46.98
33.21,46.98
35.64,46.98
36.45,46.98
37.26,46.98
38.07,46.98
38.88,46.98
41.31,46.98
44.55,46.98
45.36,46.98
46.17,46.98
47.79,46.98
0.81,46.17
4.05,46.17
4.86,46.17
5.67,46.17
7.29,46.17
8.1,46.17
12.96,46.17
13.77,46.17
16.2,46.17
17.82,46.17
18.63,46.17
20.25,46.17
21.87,46.17
22.68,46.17
23.49,46.17
24.3,46.17
25.11,46.17
25.92,46.17
27.54,46.17
29.16,46.17
29.97,46.17
31.59,46.17
34.02,46.17
34.83,46.17
39.69,46.17
40.5,46.17
42.12,46.17
42.93,46.17
43.74,46.17
46.98,46.17
0.81,45.36
4.05,45.36
4.86,45.36
5.67,45.36
7.29,45.36
8.1,45.36
12.96,45.36
13.77,45.36
16.2,45.36
17.82,45.36
18.63,45.36
20.25,45.36
21.87,45.36
22.68,45.36
23.49,45.36
24.3,45.36
25.11,45.36
25.92,45.36
27.54,45.36
29.16,45.36
29.97,45.36
31.59,45.36
34.02,45.36
34.83,45.36
39.69,45.36
40.5,45.36
42.12,45.36
42.93,45.36
43.74,45.36
46.98,45.36
0.81,44.55
4.05,44.55
4.86,44.55
5.67,44.55
7.29,44.55
8.1,44.55
12.96,44.55
13.77,44.55
16.2,44.55
17.82,44.55
18.63,44.55
20.25,44.55
21.87,44.55
22.68,44.55
23.49,44.55
24.3,44.55
25.11,44.55
25.92,44.55
27.54,44.55
29.16,44.55
29.97,44.55
31.59,44.55
34.02,44.55
34.83,44.55
39.69,44.55
40.5,44.55
42.12,44.55
42.93,44.55
43.74,44.55
46.98,44.55
0.0,43.74
1.62,43.74
2.43,43.74
3.24,43.74
6.48,43.74
8.91,43.74
9.72,43.74
10.53,43.74
11.34,43.74
12.15,43.74
14.58,43.74
15.39,43.74
17.01,43.74
19.44,43.74
21.06,43.74
26.73,43.74
28.35,43.74
30.78,43.74
32.4,43.74
33.21,43.74
35.64,43.74
36.45,43.74
37.26,43.74
38.07,43.74
38.88,43.74
41.31,43.74
44.55,43.74
45.36,43.74
46.17,43.74
47.79,43.74
0.0,42.93
1.62,42.93
2.43,42.93
3.24,42.93
6.48,42.93
8.91,42.93
9.72,42.93
10.53,42.93
11.34,42.93
12.15,42.93
14.58,42.93
15.39,42.93
17.01,42.93
19.44,42.93
21.06,42.93
26.73,42.93
28.35,42.93
30.78,42.93
32.4,42.93
33.21,42.93
35.64,42.93
36.45,42.93
37.26,42.93
38.07,42.93
38.88,42.93
41.31,42.93
44.55,42.93
45.36,42.93
46.17,42.93
47.79,42.93
0.0,42.12
1.62,42.12
2.43,42.12
3.24,42.12
6.48,42.12
8.91,42.12
9.72,42.12
10.53,42.12
11.34,42.12
12.15,42.12
14.58,42.12
15.39,42.12
17.01,42.12
19.44,42.12
21.06,42.12
26.73,42.12
28.35,42.12
30.78,42.12
32.4,42.12
33.21,42.12
35.64,42.12
36.45,42.12
37.26,42.12
38.07,42.12
38.88,42.12
41.31,42.12
44.55,42.12
45.36,42.12
46.17,42.12
47.79,42.12
0.81,41.31
4.05,41.31
4.86,41.31
5.67,41.31
7.29,41.31
8.1,41.31
12.96,41.31
13.77,41.31
16.2,41.31
17.82,41.31
18.63,41.31
20.25,41.31
21.87,41.31
22.68,41.31
23.49,41.31
24.3,41.31
25.11,41.31
25.92,41.31
27.54,41.31
29.16,41.31
29.97,41.31
31.59,41.31
34.02,41.31
34.83,41.31
39.69,41.31
40.5,41.31
42.12,41.31
42.93,41.31
43.74,41.31
46.98,41.31
0.0,40.5
1.62,40.5
2.43,40.5
3.24,40.5
6.48,40.5
8.91,40.5
9.72,40.5
10.53,40.5
11.34,40.5
12.15,40.5
14.58,40.5
15.39,40.5
17.01,40.5
19.44,40.5
21.06,40.5
26.73,40.5
28.35,40.5
30.78,40.5
32.4,40.5
33.21,40.5
35.64,40.5
36.45,40.5
37.26,40.5
38.07,40.5
38.88,40.5
41.31,40.5
44.55,40.5
45.36,40.5
46.17,40.5
47.79,40.5
0.0,39.69
1.62,39.69
2.43,39.69
3.24,39.69
6.48,39.69
8.91,39.69
9.72,39.69
10.53,39.69
11.34,39.69
12.15,39.69
14.58,39.69
15.39,39.69
17.01,39.69
19.44,39.69
21.06,39.69
26.73,39.69
28.35,39.69
30.78,39.69
32.4,39.69
33.21,39.69
35.64,39.69
36.45,39.69
37.26,39.69
38.07,39.69
38.88,39.69
41.31,39.69
44.55,39.69
45.36,39.69
46.17,39.69
47.79,39.69
0.81,38.88
4.05,38.88
4.86,38.88
5.67,38.88
7.29,38.88
8.1,38.88
12.96,38.88
13.77,38.88
16.2,38.88
17.82,38.88
18.63,38.88
20.25,38.88
21.87,38.88
22.68,38.88
23.49,38.88
24.3,38.88
25.11,38.88
25.92,38.88
27.54,38.88
29.16,38.88
29.97,38.88
31.59,38.88
34.02,38.88
34.83,38.88
39.69,38.88
40.5,38.88
42.12,38.88
42.93,38.88
43.74,38.88
46.98,38.88
0.81,38.07
4.05,38.07
4.86,38.07
5.67,38.07
7.29,38.07
8.1,38.07
12.96,38.07
13.77,38.07
16.2,38.07
17.82,38.07
18.63,38.07
20.25,38.07
21.87,38.07
22.68,38.07
23.49,38.07
24.3,38.07
25.11,38.07
25.92,38.07
27.54,38.07
29.16,38.07
29.97,38.07
31.59,38.07
34.02,38.07
34.83,38.07
39.69,38.07
40.5,38.07
42.12,38.07
42.93,38.07
43.74,38.07
46.98,38.07
0.81,37.26
4.05,37.26
4.86,37.26
5.67,37.26
7.29,37.26
8.1,37.26
12.96,37.26
13.77,37.26
16.2,37.26
17.82,37.26
18.63,37.26
20.25,37.26
21.87,37.26
22.68,37.26
23.49,37.26
24.3,37.26
25.11,37.26
25.92,37.26
27.54,37.26
29.16,37.26
29.97,37.26
31.59,37.26
34.02,37.26
34.83,37.26
39.69,37.26
40.5,37.26
42.12,37.26
42.93,37.26
43.74,37.26
46.98,37.26
0.81,36.45
4.05,36.45
4.86,36.45
5.67,36.45
7.29,36.45
8.1,36.45
12.96,36.45
13.77,36.45
16.2,36.45
17.82,36.45
18.63,36.45
20.25,36.45
21.87,36.45
22.68,36.45
23.49,36.45
24.3,36.45
25.11,36.45
25.92,36.45
27.54,36.45
29.16,36.45
29.97,36.45
31.59,36.45
34.02,36.45
34.83,36.45
39.69,36.45
40.5,36.45
42.12,36.45
42.93,36.45
43.74,36.45
46.98,36.45
0.81,35.64
4.05,35.64
4.86,35.64
5.67,35.64
7.29,35.64
8.1,35.64
12.96,35.64
13.77,35.64
16.2,35.64
17.82,35.64
18.63,35.64
20.25,35.64
21.87,35.64
22.68,35.64
23.49,35.64
24.3,35.64
25.11,35.64
25.92,35.64
27.54,35.64
29.16,35.64
29.97,35.64
31.59,35.64
34.02,35.64
34.83,35.64
39.69,35.64
40.5,35.64
42.12,35.64
42.93,35.64
43.74,35.64
46.98,35.64
0.0,34.83
1.62,34.83
2.43,34.83
3.24,34.83
6.48,34.83
8.91,34.83
9.72,34.83
10.53,34.83
11.34,34.83
12.15,34.83
14.58,34.83
15.39,34.83
17.01,34.83
19.44,34.83
21.06,34.83
26.73,34.83
28.35,34.83
30.78,34.83
32.4,34.83
33.21,34.83
35.64,34.83
36.45,34.83
37.26,34.83
38.07,34.83
38.88,34.83
41.31,34.83
44.55,34.83
45.36,34.83
46.17,34.83
47.79,34.83
0.0,34.02
1.62,34.02
2.43,34.02
3.24,34.02
6.48,34.02
8.91,34.02
9.72,34.02
10.53,34.02
11.34,34.02
12.15,34.02
14.58,34.02
15.39,34.02
17.01,34.02
19.44,34.02
21.06,34.02
26.73,34.02
28.35,34.02
30.78,34.02
32.4,34.02
33.21,34.02
35.64,34.02
36.45,34.02
37.26,34.02
38.07,34.02
38.88,34.02
41.31,34.02
44.55,34.02
45.36,34.02
46.17,34.02
47.79,34.02
0.81,33.21
4.05,33.21
4.86,33.21
5.67,33.21
7.29,33.21
8.1,33.21
12.96,33.21
13.77,33.21
16.2,33.21
17.82,33.21
18.63,33.21
20.25,33.21
21.87,33.21
22.68,33.21
23.49,33.21
24.3,33.21
25.11,33.21
25.92,33.21
27.54,33.21
29.16,33.21
29.97,33.21
31.59,33.21
34.02,33.21
34.83,33.21
39.69,33.21
40.5,33.21
42.12,33.21
42.93,33.21
43.74,33.21
46.98,33.21
0.81,32.4
4.05,32.4
4.86,32.4
5.67,32.4
7.29,32.4
8.1,32.4
12.96,32.4
13.77,32.4
16.2,32.4
17.82,32.4
18.63,32.4
20.25,32.4
21.87,32.4
22.68,32.4
23.49,32.4
24.3,32.4
25.11,32.4
25.92,32.4
27.54,32.4
29.16,32.4
29.97,32.4
31.59,32.4
34.02,32.4
34.83,32.4
39.69,32.4
40.5,32.4
42.12,32.4
42.93,32.4
43.74,32.4
46.98,32.4
0.0,31.59
1.62,31.59
2.43,31.59
3.24,31.59
6.48,31.59
8.91,31.59
9.72,31.59
10.53,31.59
11.34,31.59
12.15,31.59
14.58,31.59
15.39,31.59
17.01,31.59
19.44,31.59
21.06,31.59
26.73,31.59
28.35,31.59
30.78,31.59
32.4,31.59
33.21,31.59
35.64,31.59
36.45,31.59
37.26,31.59
38.07,31.59
38.88,31.59
41.31,31.59
44.55,31.59
45.36,31.59
46.17,31.59
47.79,31.59
0.81,30.78
4.05,30.78
4.86,30.78
5.67,30.78
7.29,30.78
8.1,30.78
12.96,30.78
13.77,30.78
16.2,30.78
17.82,30.78
18.63,30.78
20.25,30.78
21.87,30.78
22.68,30.78
23.49,30.78
24.3,30.78
25.11,30.78
25.92,30.78
27.54,30.78
29.16,30.78
29.97,30.78
31.59,30.78
34.02,30.78
34.83,30.78
39.69,30.78
40.5,30.78
42.12,30.78
42.93,30.78
43.74,30.78
46.98,30.78
0.0,29.97
1.62,29.97
2.43,29.97
3.24,29.97
6.48,29.97
8.91,29.97
9.72,29.97
10.53,29.97
11.34,29.97
12.15,29.97
14.58,29.97
15.39,29.97
17.01,29.97
19.44,29.97
21.06,29.97
26.73,29.97
28.35,29.97
30.78,29.97
32.4,29.97
33.21,29.97
35.64,29.97
36.45,29.97
37.26,29.97
38.07,29.97
38.88,29.97
41.31,29.97
44.55,29.97
45.36,29.97
46.17,29.97
47.79,29.97
0.0,29.16
1.62,29.16
2.43,29.16
3.24,29.16
6.48,29.16
8.91,29.16
9.72,29.16
10.53,29.16
11.34,29.16
12.15,29.16
14.58,29.16
15.39,29.16
17.01,29.16
19.44,29.16
21.06,29.16
26.73,29.16
28.35,29.16
30.78,29.16
32.4,29.16
33.21,29.16
35.64,29.16
36.45,29.16
37.26,29.16
38.07,29.16
38.88,29.16
41.31,29.16
44.55,29.16
45.36,29.16
46.17,29.16
47.79,29.16
0.81,28.35
4.05,28.35
4.86,28.35
5.67,28.35
7.29,28.35
8.1,28.35
12.96,28.35
13.77,28.35
16.2,28.35
17.82,28.35
18.63,28.35
20.25,28.35
21.87,28.35
22.68,28.35
23.49,28.35
24.3,28.35
25.11,28.35
25.92,28.35
27.54,28.35
29.16,28.35
29.97,28.35
31.59,28.35
34.02,28.35
34.83,28.35
39.69,28.35
40.5,28.35
42.12,28.35
42.93,28.35
43.74,28.35
46.98,28.35
0.0,27.54
1.62,27.54
2.43,27.54
3.24,27.54
6.48,27.54
8.91,27.54
9.72,27.54
10.53,27.54
11.34,27.54
12.15,27.54
14.58,27.54
15.39,27.54
17.01,27.54
19.44,27.54
21.06,27.54
26.73,27.54
28.35,27.54
30.78,27.54
32.4,27.54
33.21,27.54
35.64,27.54
36.45,27.54
37.26,27.54
38.07,27.54
38.88,27.54
41.31,27.54
44.55,27.54
45.36,27.54
46.17,27.54
47.79,27.54
0.81,26.73
4.05,26.73
4.86,26.73
5.67,26.73
7.29,26.73
8.1,26.73
12.96,26.73
13.77,26.73
16.2,26.73
17.82,26.73
18.63,26.73
20.25,26.73
21.87,26.73
22.68,26.73
23.49,26.73
24.3,26.73
25.11,26.73
25.92,26.73
27.54,26.73
29.16,26.73
29.97,26.73
31.59,26.73
34.02,26.73
34.83,26.73
39.69,26.73
40.5,26.73
42.12,26.73
42.93,26.73
43.74,26.73
46.98,26.73
0.0,25.92
1.62,25.92
2.43,25.92
3.24,25.92
6.48,25.92
8.91,25.92
9.72,25.92
10.53,25.92
11.34,25.92
12.15,25.92
14.58,25.92
15.39,25.92
17.01,25.92
19.44,25.92
21.06,25.92
26.73,25.92
28.35,25.92
30.78,25.92
32.4,25.92
33.21,25.92
35.64,25.92
36.45,25.92
37.26,25.92
38.07,25.92
38.88,25.92
41.31,25.92
44.55,25.92
45.36,25.92
46.17,25.92
47.79,25.92
0.0,25.11
1.62,25.11
2.43,25.11
3.24,25.11
6.48,25.11
8.91,25.11
9.72,25.11
10.53,25.11
11.34,25.11
12.15,25.11
14.58,25.11
15.39,25.11
17.01,25.11
19.44,25.11
21.06,25.11
26.73,25.11
28.35,25.11
30.78,25.11
32.4,25.11
33.21,25.11
35.64,25.11
36.45,25.11
37.26,25.11
38.07,25.11
38.88,25.11
41.31,25.11
44.55,25.11
45.36,25.11
46.17,25.11
47.79,25.11
0.0,24.3
1.62,24.3
2.43,24.3
3.24,24.3
6.48,24.3
8.91,24.3
9.72,24.3
10.53,24.3
11.34,24.3
12.15,24.3
14.58,24.3
15.39,24.3
17.01,24.3
19.44,24.3
21.06,24.3
26.73,24.3
28.35,24.3
30.78,24.3
32.4,24.3
33.21,24.3
35.64,24.3
36.45,24.3
37.26,24.3
38.07,24.3
38.88,24.3
41.31,24.3
44.55,24.3
45.36,24.3
46.17,24.3
47.79,24.3
0.0,23.49
1.62,23.49
2.43,23.49
3.24,23.49
6.48,23.49
8.91,23.49
9.72,23.49
10.53,23.49
11.34,23.49
12.15,23.49
14.58,23.49
15.39,23.49
17.01,23.49
19.44,23.49
21.06,23.49
26.73,23.49
28.35,23.49
30.78,23.49
32.4,23.49
33.21,23.49
35.64,23.49
36.45,23.49
37.26,23.49
38.07,23.49
38.88,23.49
41.31,23.49
44.55,23.49
45.36,23.49
46.17,23.49
47.79,23.49
0.0,22.68
1.62,22.68
2.43,22.68
3.24,22.68
6.48,22.68
8.91,22.68
9.72,22.68
10.53,22.68
11.34,22.68
12.15,22.68
14.58,22.68
15.39,22.68
17.01,22.68
19.44,22.68
21.06,22.68
26.73,22.68
28.35,22.68
30.78,22.68
32.4,22.68
33.21,22.68
35.64,22.68
36.45,22.68
37.26,22.68
38.07,22.68
38.88,22.68
41.31,22.68
44.55,22.68
45.36,22.68
46.17,22.68
47.79,22.68
0.0,21.87
1.62,21.87
2.43,21.87
3.24,21.87
6.48,21.87
8.91,21.87
9.72,21.87
10.53,21.87
11.34,21.87
12.15,21.87
14.58,21.87
15.39,21.87
17.01,21.87
19.44,21.87
21.06,21.87
26.73,21.87
28.35,21.87
30.78,21.87
32.4,21.87
33.21,21.87
35.64,21.87
36.45,21.87
37.26,21.87
38.07,21.87
38.88,21.87
41.31,21.87
44.55,21.87
45.36,21.87
46.17,21.87
47.79,21.87
0.81,21.06
4.05,21.06
4.86,21.06
5.67,21.06
7.29,21.06
8.1,21.06
12.96,21.06
13.77,21.06
16.2,21.06
17.82,21.06
18.63,21.06
20.25,21.06
21.87,21.06
22.68,21.06
23.49,21.06
24.3,21.06
25.11,21.06
25.92,21.06
27.54,21.06
29.16,21.06
29.97,21.06
31.59,21.06
34.02,21.06
34.83,21.06
39.69,21.06
40.5,21.06
42.12,21.06
42.93,21.06
43.74,21.06
46.98,21.06
0.0,20.25
1.62,20.25
2.43,20.25
3.24,20.25
6.48,20.25
8.91,20.25
9.72,20.25
10.53,20.25
11.34,20.25
12.15,20.25
14.58,20.25
15.39,20.25
17.01,20.25
19.44,20.25
21.06,20.25
26.73,20.25
28.35,20.25
30.78,20.25
32.4,20.25
33.21,20.25
35.64,20.25
36.45,20.25
37.26,20.25
38.07,20.25
38.88,20.25
41.31,20.25
44.55,20.25
45.36,20.25
46.17,20.25
47.79,20.25
0.81,19.44
4.05,19.44
4.86,19.44
5.67,19.44
7.29,19.44
8.1,19.44
12.96,19.44
13.77,19.44
16.2,19.44
17.82,19.44
18.63,19.44
20.25,19.44
21.87,19.44
22.68,19.44
23.49,19.44
24.3,19.44
25.11,19.44
25.92,19.44
27.54,19.44
29.16,19.44
29.97,19.44
31.59,19.44
34.02,19.44
34.83,19.44
39.69,19.44
40.5,19.44
42.12,19.44
42.93,19.44
43.74,19.44
46.98,19.44
0.0,18.63
1.62,18.63
2.43,18.63
3.24,18.63
6.48,18.63
8.91,18.63
9.72,18.63
10.53,18.63
11.34,18.63
12.15,18.63
14.58,18.63
15.39,18.63
17.01,18.63
19.44,18.63
21.06,18.63
26.73,18.63
28.35,18.63
30.78,18.63
32.4,18.63
33.21,18.63
35.64,18.63
36.45,18.63
37.26,18.63
38.07,18.63
38.88,18.63
41.31,18.63
44.55,18.63
45.36,18.63
46.17,18.63
47.79,18.63
0.0,17.82
1.62,17.82
2.43,17.82
3.24,17.82
6.48,17.82
8.91,17.82
9.72,17.82
10.53,17.82
11.34,17.82
12.15,17.82
14.58,17.82
15.39,17.82
17.01,17.82
19.44,17.82
21.06,17.82
26.73,17.82
28.35,17.82
30.78,17.82
32.4,17.82
33.21,17.82
35.64,17.82
36.45,17.82
37.26,17.82
38.07,17.82
38.88,17.82
41.31,17.82
44.55,17.82
45.36,17.82
46.17,17.82
47.79,17.82
0.81,17.01
4.05,17.01
4.86,17.01
5.67,17.01
7.29,17.01
8.1,17.01
12.96,17.01
13.77,17.01
16.2,17.01
17.82,17.01
18.63,17.01
20.25,17.01
21.87,17.01
22.68,17.01
23.49,17.01
24.3,17.01
25.11,17.01
25.92,17.01
27.54,17.01
29.16,17.01
29.97,17.01
31.59,17.01
34.02,17.01
34.83,17.01
39.69,17.01
40.5,17.01
42.12,17.01
42.93,17.01
43.74,17.01
46.98,17.01
0.0,16.2
1.62,16.2
2.43,16.2
3.24,16.2
6.48,16.2
8.91,16.2
9.72,16.2
10.53,16.2
11.34,16.2
12.15,16.2
14.58,16.2
15.39,16.2
17.01,16.2
19.44,16.2
21.06,16.2
26.73,16.2
28.35,16.2
30.78,16.2
32.4,16.2
33.21,16.2
35.64,16.2
36.45,16.2
37.26,16.2
38.07,16.2
38.88,16.2
41.31,16.2
44.55,16.2
45.36,16.2
46.17,16.2
47.79,16.2
0.81,15.39
4.05,15.39
4.86,15.39
5.67,15.39
7.29,15.39
8.1,15.39
12.96,15.39
13.77,15.39
16.2,15.39
17.82,15.39
18.63,15.39
20.25,15.39
21.87,15.39
22.68,15.39
23.49,15.39
24.3,15.39
25.11,15.39
25.92,15.39
27.54,15.39
29.16,15.39
29.97,15.39
31.59,15.39
34.02,15.39
34.83,15.39
39.69,15.39
40.5,15.39
42.12,15.39
42.93,15.39
43.74,15.39
46.98,15.39
0.81,14.58
4.05,14.58
4.86,14.58
5.67,14.58
7.29,14.58
8.1,14.58
12.96,14.58
13.77,14.58
16.2,14.58
17.82,14.58
18.63,14.58
20.25,14.58
21.87,14.58
22.68,14.58
23.49,14.58
24.3,14.58
25.11,14.58
25.92,14.58
27.54,14.58
29.16,14.58
29.97,14.58
31.59,14.58
34.02,14.58
34.83,14.58
39.69,14.58
40.5,14.58
42.12,14.58
42.93,14.58
43.74,14.58
46.98,14.58
0.0,13.77
1.62,13.77
2.43,13.77
3.24,13.77
6.48,13.77
8.91,13.77
9.72,13.77
10.53,13.77
11.34,13.77
12.15,13.77
14.58,13.77
15.39,13.77
17.01,13.77
19.44,13.77
21.06,13.77
26.73,13.77
28.35,13.77
30.78,13.77
32.4,13.77
33.21,13.77
35.64,13.77
36.45,13.77
37.26,13.77
38.07,13.77
38.88,13.77
41.31,13.77
44.55,13.77
45.36,13.77
46.17,13.77
47.79,13.77
0.0,12.96
1.62,12.96
2.43,12.96
3.24,12.96
6.48,12.96
8.91,12.96
9.72,12.96
10.53,12.96
11.34,12.96
12.15,12.96
14.58,12.96
15.39,12.96
17.01,12.96
19.44,12.96
21.06,12.96
26.73,12.96
28.35,12.96
30.78,12.96
32.4,12.96
33.21,12.96
35.64,12.96
36.45,12.96
37.26,12.96
38.07,12.96
38.88,12.96
41.31,12.96
44.55,12.96
45.36,12.96
46.17,12.96
47.79,12.96
0.81,12.15
4.05,12.15
4.86,12.15
5.67,12.15
7.29,12.15
8.1,12.15
12.96,12.15
13.77,12.15
16.2,12.15
17.82,12.15
18.63,12.15
20.25,12.15
21.87,12.15
22.68,12.15
23.49,12.15
24.3,12.15
25.11,12.15
25.92,12.15
27.54,12.15
29.16,12.15
29.97,12.15
31.59,12.15
34.02,12.15
34.83,12.15
39.69,12.15
40.5,12.15
42.12,12.15
42.93,12.15
43.74,12.15
46.98,12.15
0.81,11.34
4.05,11.34
4.86,11.34
5.67,11.34
7.29,11.34
8.1,11.34
12.96,11.34
13.77,11.34
16.2,11.34
17.82,11.34
18.63,11.34
20.25,11.34
21.87,11.34
22.68,11.34
23.49,11.34
24.3,11.34
25.11,11.34
25.92,11.34
27.54,11.34
29.16,11.34
29.97,11.34
31.59,11.34
34.02,11.34
34.83,11.34
39.69,11.34
40.5,11.34
42.12,11.34
42.93,11.34
43.74,11.34
46.98,11.34
0.81,10.53
4.05,10.53
4.86,10.53
5.67,10.53
7.29,10.53
8.1,10.53
12.96,10.53
13.77,10.53
16.2,10.53
17.82,10.53
18.63,10.53
20.25,10.53
21.87,10.53
22.68,10.53
23.49,10.53
24.3,10.53
25.11,10.53
25.92,10.53
27.54,10.53
29.16,10.53
29.97,10.53
31.59,10.53
34.02,10.53
34.83,10.53
39.69,10.53
40.5,10.53
42.12,10.53
42.93,10.53
43.74,10.53
46.98,10.53
0.81,9.72
4.05,9.72
4.86,9.72
5.67,9.72
7.29,9.72
8.1,9.72
12.96,9.72
13.77,9.72
16.2,9.72
17.82,9.72
18.63,9.72
20.25,9.72
21.87,9.72
22.68,9.72
23.49,9.72
24.3,9.72
25.11,9.72
25.92,9.72
27.54,9.72
29.16,9.72
29.97,9.72
31.59,9.72
34.02,9.72
34.83,9.72
39.69,9.72
40.5,9.72
42.12,9.72
42.93,9.72
43.74,9.72
46.98,9.72
0.81,8.91
4.05,8.91
4.86,8.91
5.67,8.91
7.29,8.91
8.1,8.91
12.96,8.91
13.77,8.91
16.2,8.91
17.82,8.91
18.63,8.91
20.25,8.91
21.87,8.91
22.68,8.91
23.49,8.91
24.3,8.91
25.11,8.91
25.92,8.91
27.54,8.91
29.16,8.91
29.97,8.91
31.59,8.91
34.02,8.91
34.83,8.91
39.69,8.91
40.5,8.91
42.12,8.91
42.93,8.91
43.74,8.91
46.98,8.91
0.0,8.1
1.62,8.1
2.43,8.1
3.24,8.1
6.48,8.1
8.91,8.1
9.72,8.1
10.53,8.1
11.34,8.1
12.15,8.1
14.58,8.1
15.39,8.1
17.01,8.1
19.44,8.1
21.06,8.1
26.73,8.1
28.35,8.1
30.78,8.1
32.4,8.1
33.21,8.1
35.64,8.1
36.45,8.1
37.26,8.1
38.07,8.1
38.88,8.1
41.31,8.1
44.55,8.1
45.36,8.1
46.17,8.1
47.79,8.1
0.0,7.29
1.62,7.29
2.43,7.29
3.24,7.29
6.48,7.29
8.91,7.29
9.72,7.29
10.53,7.29
11.34,7.29
12.15,7.29
14.58,7.29
15.39,7.29
17.01,7.29
19.44,7.29
21.06,7.29
26.73,7.29
28.35,7.29
30.78,7.29
32.4,7.29
33.21,7.29
35.64,7.29
36.45,7.29
37.26,7.29
38.07,7.29
38.88,7.29
41.31,7.29
44.55,7.29
45.36,7.29
46.17,7.29
47.79,7.29
0.81,6.48
4.05,6.48
4.86,6.48
5.67,6.48
7.29,6.48
8.1,6.48
12.96,6.48
13.77,6.48
16.2,6.48
17.82,6.48
18.63,6.48
20.25,6.48
21.87,6.48
22.68,6.48
23.49,6.48
24.3,6.48
25.11,6.48
25.92,6.48
27.54,6.48
29.16,6.48
29.97,6.48
31.59,6.48
34.02,6.48
34.83,6.48
39.69,6.48
40.5,6.48
42.12,6.48
42.93,6.48
43.74,6.48
46.98,6.48
0.0,5.67
1.62,5.67
2.43,5.67
3.24,5.67
6.48,5.67
8.91,5.67
9.72,5.67
10.53,5.67
11.34,5.67
12.15,5.67
14.58,5.67
15.39,5.67
17.01,5.67
19.44,5.67
21.06,5.67
26.73,5.67
28.35,5.67
30.78,5.67
32.4,5.67
33.21,5.67
35.64,5.67
36.45,5.67
37.26,5.67
38.07,5.67
38.88,5.67
41.31,5.67
44.55,5.67
45.36,5.67
46.17,5.67
47.79,5.67
0.0,4.86
1.62,4.86
2.43,4.86
3.24,4.86
6.48,4.86
8.91,4.86
9.72,4.86
10.53,4.86
11.34,4.86
12.15,4.86
14.58,4.86
15.39,4.86
17.01,4.86
19.44,4.86
21.06,4.86
26.73,4.86
28.35,4.86
30.78,4.86
32.4,4.86
33.21,4.86
35.64,4.86
36.45,4.86
37.26,4.86
38.07,4.86
38.88,4.86
41.31,4.86
44.55,4.86
45.36,4.86
46.17,4.86
47.79,4.86
0.0,4.05
1.62,4.05
2.43,4.05
3.24,4.05
6.48,4.05
8.91,4.05
9.72,4.05
10.53,4.05
11.34,4.05
12.15,4.05
14.58,4.05
15.39,4.05
17.01,4.05
19.44,4.05
21.06,4.05
26.73,4.05
28.35,4.05
30.78,4.05
32.4,4.05
33.21,4.05
35.64,4.05
36.45,4.05
37.26,4.05
38.07,4.05
38.88,4.05
41.31,4.05
44.55,4.05
45.36,4.05
46.17,4.05
47.79,4.05
0.81,3.24
4.05,3.24
4.86,3.24
5.67,3.24
7.29,3.24
8.1,3.24
12.96,3.24
13.77,3.24
16.2,3.24
17.82,3.24
18.63,3.24
20.25,3.24
21.87,3.24
22.68,3.24
23.49,3.24
24.3,3.24
25.11,3.24
25.92,3.24
27.54,3.24
29.16,3.24
29.97,3.24
31.59,3.24
34.02,3.24
34.83,3.24
39.69,3.24
40.5,3.24
42.12,3.24
42.93,3.24
43.74,3.24
46.98,3.24
0.81,2.43
4.05,2.43
4.86,2.43
5.67,2.43
7.29,2.43
8.1,2.43
12.96,2.43
13.77,2.43
16.2,2.43
17.82,2.43
18.63,2.43
20.25,2.43
21.87,2.43
22.68,2.43
23.49,2.43
24.3,2.43
25.11,2.43
25.92,2.43
27.54,2.43
29.16,2.43
29.97,2.43
31.59,2.43
34.02,2.43
34.83,2.43
39.69,2.43
40.5,2.43
42.12,2.43
42.93,2.43
43.74,2.43
46.98,2.43
0.81,1.62
4.05,1.62
4.86,1.62
5.67,1.62
7.29,1.62
8.1,1.62
12.96,1.62
13.77,1.62
16.2,1.62
17.82,1.62
18.63,1.62
20.25,1.62
21.87,1.62
22.68,1.62
23.49,1.62
24.3,1.62
25.11,1.62
25.92,1.62
27.54,1.62
29.16,1.62
29.97,1.62
31.59,1.62
34.02,1.62
34.83,1.62
39.69,1.62
40.5,1.62
42.12,1.62
42.93,1.62
43.74,1.62
46.98,1.62
0.0,0.81
1.62,0.81
2.43,0.81
3.24,0.81
6.48,0.81
8.91,0.81
9.72,0.81
10.53,0.81
11.34,0.81
12.15,0.81
14.58,0.81
15.39,0.81
17.01,0.81
19.44,0.81
21.06,0.81
26.73,0.81
28.35,0.81
30.78,0.81
32.4,0.81
33.21,0.81
35.64,0.81
36.45,0.81
37.26,0.81
38.07,0.81
38.88,0.81
41.31,0.81
44.55,0.81
45.36,0.81
46.17,0.81
47.79,0.81
0.81,0.0
4.05,0.0
4.86,0.0
5.67,0.0
7.29,0.0
8.1,0.0
12.96,0.0
13.77,0.0
16.2,0.0
17.82,0.0
18.63,0.0
20.25,0.0
21.87,0.0
22.68,0.0
23.49,0.0
24.3,0.0
25.11,0.0
25.92,0.0
27.54,0.0
29.16,0.0
29.97,0.0
31.59,0.0
34.02,0.0
34.83,0.0
39.69,0.0
40.5,0.0
42.12,0.0
42.93,0.0
43.74,0.0
46.98,0.0
0.0,98.01
0.81,98.01
1.62,98.01
2.43,98.01
3.24,98.01
4.05,98.01
4.86,98.01
5.67,98.01
6.48,98.01
7.29,98.01
8.1,98.01
8.91,98.01
9.72,98.01
10.53,98.01
11.34,98.01
12.15,98.01
12.96,98.01
13.77,98.01
14.58,98.01
15.39,98.01
16.2,98.01
17.01,98.01
17.82,98.01
18.63,98.01
19.44,98.01
20.25,98.01
21.06,98.01
21.87,98.01
22.68,98.01
23.49,98.01
24.3,98.01
25.11,98.01
25.92,98.01
26.73,98.01
27.54,98.01
28.35,98.01
29.16,98.01
29.97,98.01
30.78,98.01
31.59,98.01
32.4,98.01
33.21,98.01
34.02,98.01
34.83,98.01
35.64,98.01
36.45,98.01
37.26,98.01
38.07,98.01
38.88,98.01
39.69,98.01
40.5,98.01
41.31,98.01
42.12,98.01
42.93,98.01
43.74,98.01
44.55,98.01
45.36,98.01
46.17,98.01
46.98,98.01
47.79,98.01
0.81,97.2
4.05,97.2
4.86,97.2
5.67,97.2
7.29,97.2
8.1,97.2
12.96,97.2
13.77,97.2
16.2,97.2
17.82,97.2
18.63,97.2
20.25,97.2
21.87,97.2
22.68,97.2
23.49,97.2
24.3,97.2
25.11,97.2
25.92,97.2
27.54,97.2
29.16,97.2
29.97,97.2
31.59,97.2
34.02,97.2
34.83,97.2
39.69,97.2
40.5,97.2
42.12,97.2
42.93,97.2
43.74,97.2
46.98,97.2
0.0,96.39
1.62,96.39
2.43,96.39
3.24,96.39
6.48,96.39
8.91,96.39
9.72,96.39
10.53,96.39
11.34,96.39
12.15,96.39
14.58,96.39
15.39,96.39
17.01,96.39
19.44,96.39
21.06,96.39
26.73,96.39
28.35,96.39
30.78,96.39
32.4,96.39
33.21,96.39
35.64,96.39
36.45,96.39
37.26,96.39
38.07,96.39
38.88,96.39
41.31,96.39
44.55,96.39
45.36,96.39
46.17,96.39
47.79,96.39
0.81,95.58
4.05,95.58
4.86,95.58
5.67,95.58
7.29,95.58
8.1,95.58
12.96,95.58
13.77,95.58
16.2,95.58
17.82,95.58
18.63,95.58
20.25,95.58
21.87,95.58
22.68,95.58
23.49,95.58
24.3,95.58
25.11,95.58
25.92,95.58
27.54,95.58
29.16,95.58
29.97,95.58
31.59,95.58
34.02,95.58
34.83,95.58
39.69,95.58
40.5,95.58
42.12,95.58
42.93,95.58
43.74,95.58
46.98,95.58
0.81,94.77
4.05,94.77
4.86,94.77
5.67,94.77
7.29,94.77
8.1,94.77
12.96,94.77
13.77,94.77
16.2,94.77
17.82,94.77
18.63,94.77
20.25,94.77
21.87,94.77
22.68,94.77
23.49,94.77
24.3,94.77
25.11,94.77
25.92,94.77
27.54,94.77
29.16,94.77
29.97,94.77
31.59,94.77
34.02,94.77
34.83,94.77
39.69,94.77
40.5,94.77
42.12,94.77
42.93,94.77
43.74,94.77
46.98,94.77
0.81,93.96
4.05,93.96
4.86,93.96
5.67,93.96
7.29,93.96
8.1,93.96
12.96,93.96
13.77,93.96
16.2,93.96
17.82,93.96
18.63,93.96
20.25,93.96
21.87,93.96
22.68,93.96
23.49,93.96
24.3,93.96
25.11,93.96
25.92,93.96
27.54,93.96
29.16,93.96
29.97,93.96
31.59,93.96
34.02,93.96
34.83,93.96
39.69,93.96
40.5,93.96
42.12,93.96
42.93,93.96
43.74,93.96
46.98,93.96
0.0,93.15
1.62,93.15
2.43,93.15
3.24,93.15
6.48,93.15
8.91,93.15
9.72,93.15
10.53,93.15
11.34,93.15
12.15,93.15
14.58,93.15
15.39,93.15
17.01,93.15
19.44,93.15
21.06,93.15
26.73,93.15
28.35,93.15
30.78,93.15
32.4,93.15
33.21,93.15
35.64,93.15
36.45,93.15
37.26,93.15
38.07,93.15
38.88,93.15
41.31,93.15
44.55,93.15
45.36,93.15
46.17,93.15
47.79,93.15
0.0,92.34
1.62,92.34
2.43,92.34
3.24,92.34
6.48,92.34
8.91,92.34
9.72,92.34
10.53,92.34
11.34,92.34
12.15,92.34
14.58,92.34
15.39,92.34
17.01,92.34
19.44,92.34
21.06,92.34
26.73,92.34
28.35,92.34
30.78,92.34
32.4,92.34
33.21,92.34
35.64,92.34
36.45,92.34
37.26,92.34
38.07,92.34
38.88,92.34
41.31,92.34
44.55,92.34
45.36,92.34
46.17,92.34
47.79,92.34
0.0,91.53
1.62,91.53
2.43,91.53
3.24,91.53
6.48,91.53
8.91,91.53
9.72,91.53
10.53,91.53
11.34,91.53
12.15,91.53
14.58,91.53
15.39,91.53
17.01,91.53
19.44,91.53
21.06,91.53
26.73,91.53
28.35,91.53
30.78,91.53
32.4,91.53
33.21,91.53
35.64,91.53
36.45,91.53
37.26,91.53
38.07,91.53
38.88,91.53
41.31,91.53
44.55,91.53
45.36,91.53
46.17,91.53
47.79,91.53
0.81,90.72
4.05,90.72
4.86,90.72
5.67,90.72
7.29,90.72
8.1,90.72
12.96,90.72
13.77,90.72
16.2,90.72
17.82,90.72
18.63,90.72
20.25,90.72
21.87,90.72
22.68,90.72
23.49,90.72
24.3,90.72
25.11,90.72
25.92,90.72
27.54,90.72
29.16,90.72
29.97,90.72
31.59,90.72
34.02,90.72
34.83,90.72
39.69,90.72
40.5,90.72
42.12,90.72
42.93,90.72
43.74,90.72
46.98,90.72
0.0,89.91
1.62,89.91
2.43,89.91
3.24,89.91
6.48,89.91
8.91,89.91
9.72,89.91
10.53,89.91
11.34,89.91
12.15,89.91
14.58,89.91
15.39,89.91
17.01,89.91
19.44,89.91
21.06,89.91
26.73,89.91
28.35,89.91
30.78,89.91
32.4,89.91
33.21,89.91
35.64,89.91
36.45,89.91
37.26,89.91
38.07,89.91
38.88,89.91
41.31,89.91
44.55,89.91
45.36,89.91
46.17,89.91
47.79,89.91
0.0,89.1
1.62,89.1
2.43,89.1
3.24,89.1
6.48,89.1
8.91,89.1
9.72,89.1
10.53,89.1
11.34,89.1
12.15,89.1
14.58,89.1
15.39,89.1
17.01,89.1
19.44,89.1
21.06,89.1
26.73,89.1
28.35,89.1
30.78,89.1
32.4,89.1
33.21,89.1
35.64,89.1
36.45,89.1
37.26,89.1
38.07,89.1
38.88,89.1
41.31,89.1
44.55,89.1
45.36,89.1
46.17,89.1
47.79,89.1
0.81,88.29
4.05,88.29
4.86,88.29
5.67,88.29
7.29,88.29
8.1,88.29
12.96,88.29
13.77,88.29
16.2,88.29
17.82,88.29
18.63,88.29
20.25,88.29
21.87,88.29
22.68,88.29
23.49,88.29
24.3,88.29
25.11,88.29
25.92,88.29
27.54,88.29
29.16,88.29
29.97,88.29
31.59,88.29
34.02,88.29
34.83,88.29
39.69,88.29
40.5,88.29
42.12,88.29
42.93,88.29
43.74,88.29
46.98,88.29
0.81,87.48
4.05,87.48
4.86,87.48
5.67,87.48
7.29,87.48
8.1,87.48
12.96,87.48
13.77,87.48
16.2,87.48
17.82,87.48
18.63,87.48
20.25,87.48
21.87,87.48
22.68,87.48
23.49,87.48
24.3,87.48
25.11,87.48
25.92,87.48
27.54,87.48
29.16,87.48
29.97,87.48
31.59,87.48
34.02,87.48
34.83,87.48
39.69,87.48
40.5,87.48
42.12,87.48
42.93,87.48
43.74,87.48
46.98,87.48
0.81,86.67
4.05,86.67
4.86,86.67
5.67,86.67
7.29,86.67
8.1,86.67
12.96,86.67
13.77,86.67
16.2,86.67
17.82,86.67
18.63,86.67
20.25,86.67
21.87,86.67
22.68,86.67
23.49,86.67
24.3,86.67
25.11,86.67
25.92,86.67
27.54,86.67
29.16,86.67
29.97,86.67
31.59,86.67
34.02,86.67
34.83,86.67
39.69,86.67
40.5,86.67
42.12,86.67
42.93,86.67
43.74,86.67
46.98,86.67
0.81,85.86
4.05,85.86
4.86,85.86
5.67,85.86
7.29,85.86
8.1,85.86
12.96,85.86
13.77,85.86
16.2,85.86
17.82,85.86
18.63,85.86
20.25,85.86
21.87,85.86
22.68,85.86
23.49,85.86
24.3,85.86
25.11,85.86
25.92,85.86
27.54,85.86
29.16,85.86
29.97,85.86
31.59,85.86
34.02,85.86
34.83,85.86
39.69,85.86
40.5,85.86
42.12,85.86
42.93,85.86
43.74,85.86
46.98,85.86
0.81,85.05
4.05,85.05
4.86,85.05
5.67,85.05
7.29,85.05
8.1,85.05
12.96,85.05
13.77,85.05
16.2,85.05
17.82,85.05
18.63,85.05
20.25,85.05
21.87,85.05
22.68,85.05
23.49,85.05
24.3,85.05
25.11,85.05
25.92,85.05
27.54,85.05
29.16,85.05
29.97,85.05
31.59,85.05
34.02,85.05
34.83,85.05
39.69,85.05
40.5,85.05
42.12,85.05
42.93,85.05
43.74,85.05
46.98,85.05
0.0,84.24
1.62,84.24
2.43,84.24
3.24,84.24
6.48,84.24
8.91,84.24
9.72,84.24
10.53,84.24
11.34,84.24
12.15,84.24
14.58,84.24
15.39,84.24
17.01,84.24
19.44,84.24
21.06,84.24
26.73,84.24
28.35,84.24
30.78,84.24
32.4,84.24
33.21,84.24
35.64,84.24
36.45,84.24
37.26,84.24
38.07,84.24
38.88,84.24
41.31,84.24
44.55,84.24
45.36,84.24
46.17,84.24
47.79,84.24
0.0,83.43
1.62,83.43
2.43,83.43
3.24,83.43
6.48,83.43
8.91,83.43
9.72,83.43
10.53,83.43
11.34,83.43
12.15,83.43
14.58,83.43
15.39,83.43
17.01,83.43
19.44,83.43
21.06,83.43
26.73,83.43
28.35,83.43
30.78,83.43
32.4,83.43
33.21,83.43
35.64,83.43
36.45,83.43
37.26,83.43
38.07,83.43
38.88,83.43
41.31,83.43
44.55,83.43
45.36,83.43
46.17,83.43
47.79,83.43
0.81,82.62
4.05,82.62
4.86,82.62
5.67,82.62
7.29,82.62
8.1,82.62
12.96,82.62
13.77,82.62
16.2,82.62
17.82,82.62
18.63,82.62
20.25,82.62
21.87,82.62
22.68,82.62
23.49,82.62
24.3,82.62
25.11,82.62
25.92,82.62
27.54,82.62
29.16,82.62
29.97,82.62
31.59,82.62
34.02,82.62
34.83,82.62
39.69,82.62
40.5,82.62
42.12,82.62
42.93,82.62
43.74,82.62
46.98,82.62
0.81,81.81
4.05,81.81
4.86,81.81
5.67,81.81
7.29,81.81
8.1,81.81
12.96,81.81
13.77,81.81
16.2,81.81
17.82,81.81
18.63,81.81
20.25,81.81
21.87,81.81
22.68,81.81
23.49,81.81
24.3,81.81
25.11,81.81
25.92,81.81
27.54,81.81
29.16,81.81
29.97,81.81
31.59,81.81
34.02,81.81
34.83,81.81
39.69,81.81
40.5,81.81
42.12,81.81
42.93,81.81
43.74,81.81
46.98,81.81
0.0,81.0
1.62,81.0
2.43,81.0
3.24,81.0
6.48,81.0
8.91,81.0
9.72,81.0
10.53,81.0
11.34,81.0
12.15,81.0
14.58,81.0
15.39,81.0
17.01,81.0
19.44,81.0
21.06,81.0
26.73,81.0
28.35,81.0
30.78,81.0
32.4,81.0
33.21,81.0
35.64,81.0
36.45,81.0
37.26,81.0
38.07,81.0
38.88,81.0
41.31,81.0
44.55,81.0
45.36,81.0
46.17,81.0
47.79,81.0
0.81,80.19
4.05,80.19
4.86,80.19
5.67,80.19
7.29,80.19
8.1,80.19
12.96,80.19
13.77,80.19
16.2,80.19
17.82,80.19
18.63,80.19
20.25,80.19
21.87,80.19
22.68,80.19
23.49,80.19
24.3,80.19
25.11,80.19
25.92,80.19
27.54,80.19
29.16,80.19
29.97,80.19
31.59,80.19
34.02,80.19
34.83,80.19
39.69,80.19
40.5,80.19
42.12,80.19
42.93,80.19
43.74,80.19
46.98,80.19
0.0,79.38
1.62,79.38
2.43,79.38
3.24,79.38
6.48,79.38
8.91,79.38
9.72,79.38
10.53,79.38
11.34,79.38
12.15,79.38
14.58,79.38
15.39,79.38
17.01,79.38
19.44,79.38
21.06,79.38
26.73,79.38
28.35,79.38
30.78,79.38
32.4,79.38
33.21,79.38
35.64,79.38
36.45,79.38
37.26,79.38
38.07,79.38
38.88,79.38
41.31,79.38
44.55,79.38
45.36,79.38
46.17,79.38
47.79,79.38
0.0,78.57
1.62,78.57
2.43,78.57
3.24,78.57
6.48,78.57
8.91,78.57
9.72,78.57
10.53,78.57
11.34,78.57
12.15,78.57
14.58,78.57
15.39,78.57
17.01,78.57
19.44,78.57
21.06,78.57
26.73,78.57
28.35,78.57
30.78,78.57
32.4,78.57
33.21,78.57
35.64,78.57
36.45,78.57
37.26,78.57
38.07,78.57
38.88,78.57
41.31,78.57
44.55,78.57
45.36,78.57
46.17,78.57
47.79,78.57
0.81,77.76
4.05,77.76
4.86,77.76
5.67,77.76
7.29,77.76
8.1,77.76
12.96,77.76
13.77,77.76
16.2,77.76
17.82,77.76
18.63,77.76
20.25,77.76
21.87,77.76
22.68,77.76
23.49,77.76
24.3,77.76
25.11,77.76
25.92,77.76
27.54,77.76
29.16,77.76
29.97,77.76
31.59,77.76
34.02,77.76
34.83,77.76
39.69,77.76
40.5,77.76
42.12,77.76
42.93,77.76
43.74,77.76
46.98,77.76
0.0,76.95
1.62,76.95
2.43,76.95
3.24,76.95
6.48,76.95
8.91,76.95
9.72,76.95
10.53,76.95
11.34,76.95
12.15,76.95
14.58,76.95
15.39,76.95
17.01,76.95
19.44,76.95
21.06,76.95
26.73,76.95
28.35,76.95
30.78,76.95
32.4,76.95
33.21,76.95
35.64,76.95
36.45,76.95
37.26,76.95
38.07,76.95
38.88,76.95
41.31,76.95
44.55,76.95
45.36,76.95
46.17,76.95
47.79,76.95
0.81,76.14
4.05,76.14
4.86,76.14
5.67,76.14
7.29,76.14
8.1,76.14
12.96,76.14
13.77,76.14
16.2,76.14
17.82,76.14
18.63,76.14
20.25,76.14
21.87,76.14
22.68,76.14
23.49,76.14
24.3,76.14
25.11,76.14
25.92,76.14
27.54,76.14
29.16,76.14
29.97,76.14
31.59,76.14
34.02,76.14
34.83,76.14
39.69,76.14
40.5,76.14
42.12,76.14
42.93,76.14
43.74,76.14
46.98,76.14
0.0,75.33
1.62,75.33
2.43,75.33
3.24,75.33
6.48,75.33
8.91,75.33
9.72,75.33
10.53,75.33
11.34,75.33
12.15,75.33
14.58,75.33
15.39,75.33
17.01,75.33
19.44,75.33
21.06,75.33
26.73,75.33
28.35,75.33
30.78,75.33
32.4,75.33
33.21,75.33
35.64,75.33
36.45,75.33
37.26,75.33
38.07,75.33
38.88,75.33
41.31,75.33
44.55,75.33
45.36,75.33
46.17,75.33
47.79,75.33
0.0,74.52
1.62,74.52
2.43,74.52
3.24,74.52
6.48,74.52
8.91,74.52
9.72,74.52
10.53,74.52
11.34,74.52
12.15,74.52
14.58,74.52
15.39,74.52
17.01,74.52
19.44,74.52
21.06,74.52
26.73,74.52
28.35,74.52
30.78,74.52
32.4,74.52
33.21,74.52
35.64,74.52
36.45,74.52
37.26,74.52
38.07,74.52
38.88,74.52
41.31,74.52
44.55,74.52
45.36,74.52
46.17,74.52
47.79,74.52
0.0,73.71
1.62,73.71
2.43,73.71
3.24,73.71
6.48,73.71
8.91,73.71
9.72,73.71
10.53,73.71
11.34,73.71
12.15,73.71
14.58,73.71
15.39,73.71
17.01,73.71
19.44,73.71
21.06,73.71
26.73,73.71
28.35,73.71
30.78,73.71
32.4,73.71
33.21,73.71
35.64,73.71
36.45,73.71
37.26,73.71
38.07,73.71
38.88,73.71
41.31,73.71
44.55,73.71
45.36,73.71
46.17,73.71
47.79,73.71
0.0,72.9
1.62,72.9
2.43,72.9
3.24,72.9
6.48,72.9
8.91,72.9
9.72,72.9
10.53,72.9
11.34,72.9
12.15,72.9
14.58,72.9
15.39,72.9
17.01,72.9
19.44,72.9
21.06,72.9
26.73,72.9
28.35,72.9
30.78,72.9
32.4,72.9
33.21,72.9
35.64,72.9
36.45,72.9
37.26,72.9
38.07,72.9
38.88,72.9
41.31,72.9
44.55,72.9
45.36,72.9
46.17,72.9
47.79,72.9
0.0,72.09
1.62,72.09
2.43,72.09
3.24,72.09
6.48,72.09
8.91,72.09
9.72,72.09
10.53,72.09
11.34,72.09
12.15,72.09
14.58,72.09
15.39,72.09
17.01,72.09
19.44,72.09
21.06,72.09
26.73,72.09
28.35,72.09
30.78,72.09
32.4,72.09
33.21,72.09
35.64,72.09
36.45,72.09
37.26,72.09
38.07,72.09
38.88,72.09
41.31,72.09
44.55,72.09
45.36,72.09
46.17,72.09
47.79,72.09
0.0,71.28
1.62,71.28
2.43,71.28
3.24,71.28
6.48,71.28
8.91,71.28
9.72,71.28
10.53,71.28
11.34,71.28
12.15,71.28
14.58,71.28
15.39,71.28
17.01,71.28
19.44,71.28
21.06,71.28
26.73,71.28
28.35,71.28
30.78,71.28
32.4,71.28
33.21,71.28
35.64,71.28
36.45,71.28
37.26,71.28
38.07,71.28
38.88,71.28
41.31,71.28
44.55,71.28
45.36,71.28
46.17,71.28
47.79,71.28
0.81,70.47
4.05,70.47
4.86,70.47
5.67,70.47
7.29,70.47
8.1,70.47
12.96,70.47
13.77,70.47
16.2,70.47
17.82,70.47
18.63,70.47
20.25,70.47
21.87,70.47
22.68,70.47
23.49,70.47
24.3,70.47
25.11,70.47
25.92,70.47
27.54,70.47
29.16,70.47
29.97,70.47
31.59,70.47
34.02,70.47
34.83,70.47
39.69,70.47
40.5,70.47
42.12,70.47
42.93,70.47
43.74,70.47
46.98,70.47
0.0,69.66
1.62,69.66
2.43,69.66
3.24,69.66
6.48,69.66
8.91,69.66
9.72,69.66
10.53,69.66
11.34,69.66
12.15,69.66
14.58,69.66
15.39,69.66
17.01,69.66
19.44,69.66
21.06,69.66
26.73,69.66
28.35,69.66
30.78,69.66
32.4,69.66
33.21,69.66
35.64,69.66
36.45,69.66
37.26,69.66
38.07,69.66
38.88,69.66
41.31,69.66
44.55,69.66
45.36,69.66
46.17,69.66
47.79,69.66
0.81,68.85
4.05,68.85
4.86,68.85
5.67,68.85
7.29,68.85
8.1,68.85
12.96,68.85
13.77,68.85
16.2,68.85
17.82,68.85
18.63,68.85
20.25,68.85
21.87,68.85
22.68,68.85
23.49,68.85
24.3,68.85
25.11,68.85
25.92,68.85
27.54,68.85
29.16,68.85
29.97,68.85
31.59,68.85
34.02,68.85
34.83,68.85
39.69,68.85
40.5,68.85
42.12,68.85
42.93,68.85
43.74,68.85
46.98,68.85
0.0,68.04
1.62,68.04
2.43,68.04
3.24,68.04
6.48,68.04
8.91,68.04
9.72,68.04
10.53,68.04
11.34,68.04
12.15,68.04
14.58,68.04
15.39,68.04
17.01,68.04
19.44,68.04
21.06,68.04
26.73,68.04
28.35,68.04
30.78,68.04
32.4,68.04
33.21,68.04
35.64,68.04
36.45,68.04
37.26,68.04
38.07,68.04
38.88,68.04
41.31,68.04
44.55,68.04
45.36,68.04
46.17,68.04
47.79,68.04
0.0,67.23
1.62,67.23
2.43,67.23
3.24,67.23
6.48,67.23
8.91,67.23
9.72,67.23
10.53,67.23
11.34,67.23
12.15,67.23
14.58,67.23
15.39,67.23
17.01,67.23
19.44,67.23
21.06,67.23
26.73,67.23
28.35,67.23
30.78,67.23
32.4,67.23
33.21,67.23
35.64,67.23
36.45,67.23
37.26,67.23
38.07,67.23
38.88,67.23
41.31,67.23
44.55,67.23
45.36,67.23
46.17,67.23
47.79,67.23
0.81,66.42
4.05,66.42
4.86,66.42
5.67,66.42
7.29,66.42
8.1,66.42
12.96,66.42
13.77,66.42
16.2,66.42
17.82,66.42
18.63,66.42
20.25,66.42
21.87,66.42
22.68,66.42
23.49,66.42
24.3,66.42
25.11,66.42
25.92,66.42
27.54,66.42
29.16,66.42
29.97,66.42
31.59,66.42
34.02,66.42
34.83,66.42
39.69,66.42
40.5,66.42
42.12,66.42
42.93,66.42
43.74,66.42
46.98,66.42
0.0,65.61
1.62,65.61
2.43,65.61
3.24,65.61
6.48,65.61
8.91,65.61
9.72,65.61
10.53,65.61
11.34,65.61
12.15,65.61
14.58,65.61
15.39,65.61
17.01,65.61
19.44,65.61
21.06,65.61
26.73,65.61
28.35,65.61
30.78,65.61
32.4,65.61
33.21,65.61
35.64,65.61
36.45,65.61
37.26,65.61
38.07,65.61
38.88,65.61
41.31,65.61
44.55,65.61
45.36,65.61
46.17,65.61
47.79,65.61
0.81,64.8
4.05,64.8
4.86,64.8
5.67,64.8
7.29,64.8
8.1,64.8
12.96,64.8
13.77,64.8
16.2,64.8
17.82,64.8
18.63,64.8
20.25,64.8
21.87,64.8
22.68,64.8
23.49,64.8
24.3,64.8
25.11,64.8
25.92,64.8
27.54,64.8
29.16,64.8
29.97,64.8
31.59,64.8
34.02,64.8
34.83,64.8
39.69,64.8
40.5,64.8
42.12,64.8
42.93,64.8
43.74,64.8
46.98,64.8
0.81,63.99
4.05,63.99
4.86,63.99
5.67,63.99
7.29,63.99
8.1,63.99
12.96,63.99
13.77,63.99
16.2,63.99
17.82,63.99
18.63,63.99
20.25,63.99
21.87,63.99
22.68,63.99
23.49,63.99
24.3,63.99
25.11,63.99
25.92,63.99
27.54,63.99
29.16,63.99
29.97,63.99
31.59,63.99
34.02,63.99
34.83,63.99
39.69,63.99
40.5,63.99
42.12,63.99
42.93,63.99
43.74,63.99
46.98,63.99
0.0,63.18
1.62,63.18
2.43,63.18
3.24,63.18
6.48,63.18
8.91,63.18
9.72,63.18
10.53,63.18
11.34,63.18
12.15,63.18
14.58,63.18
15.39,63.18
17.01,63.18
19.44,63.18
21.06,63.18
26.73,63.18
28.35,63.18
30.78,63.18
32.4,63.18
33.21,63.18
35.64,63.18
36.45,63.18
37.26,63.18
38.07,63.18
38.88,63.18
41.31,63.18
44.55,63.18
45.36,63.18
46.17,63.18
47.79,63.18
0.0,62.37
1.62,62.37
2.43,62.37
3.24,62.37
6.48,62.37
8.91,62.37
9.72,62.37
10.53,62.37
11.34,62.37
12.15,62.37
14.58,62.37
15.39,62.37
17.01,62.37
19.44,62.37
21.06,62.37
26.73,62.37
28.35,62.37
30.78,62.37
32.4,62.37
33.21,62.37
35.64,62.37
36.45,62.37
37.26,62.37
38.07,62.37
38.88,62.37
41.31,62.37
44.55,62.37
45.36,62.37
46.17,62.37
47.79,62.37
0.81,61.56
4.05,61.56
4.86,61.56
5.67,61.56
7.29,61.56
8.1,61.56
12.96,61.56
13.77,61.56
16.2,61.56
17.82,61.56
18.63,61.56
20.25,61.56
21.87,61.56
22.68,61.56
23.49,61.56
24.3,61.56
25.11,61.56
25.92,61.56
27.54,61.56
29.16,61.56
29.97,61.56
31.59,61.56
34.02,61.56
34.83,61.56
39.69,61.56
40.5,61.56
42.12,61.56
42.93,61.56
43.74,61.56
46.98,61.56
0.81,60.75
4.05,60.75
4.86,60.75
5.67,60.75
7.29,60.75
8.1,60.75
12.96,60.75
13.77,60.75
16.2,60.75
17.82,60.75
18.63,60.75
20.25,60.75
21.87,60.75
22.68,60.75
23.49,60.75
24.3,60.75
25.11,60.75
25.92,60.75
27.54,60.75
29.16,60.75
29.97,60.75
31.59,60.75
34.02,60.75
34.83,60.75
39.69,60.75
40.5,60.75
42.12,60.75
42.93,60.75
43.74,60.75
46.98,60.75
0.81,59.94
4.05,59.94
4.86,59.94
5.67,59.94
7.29,59.94
8.1,59.94
12.96,59.94
13.77,59.94
16.2,59.94
17.82,59.94
18.63,59.94
20.25,59.94
21.87,59.94
22.68,59.94
23.49,59.94
24.3,59.94
25.11,59.94
25.92,59.94
27.54,59.94
29.16,59.94
29.97,59.94
31.59,59.94
34.02,59.94
34.83,59.94
39.69,59.94
40.5,59.94
42.12,59.94
42.93,59.94
43.74,59.94
46.98,59.94
0.81,59.13
4.05,59.13
4.86,59.13
5.67,59.13
7.29,59.13
8.1,59.13
12.96,59.13
13.77,59.13
16.2,59.13
17.82,59.13
18.63,59.13
20.25,59.13
21.87,59.13
22.68,59.13
23.49,59.13
24.3,59.13
25.11,59.13
25.92,59.13
27.54,59.13
29.16,59.13
29.97,59.13
31.59,59.13
34.02,59.13
34.83,59.13
39.69,59.13
40.5,59.13
42.12,59.13
42.93,59.13
43.74,59.13
46.98,59.13
0.81,58.32
4.05,58.32
4.86,58.32
5.67,58.32
7.29,58.32
8.1,58.32
12.96,58.32
13.77,58.32
16.2,58.32
17.82,58.32
18.63,58.32
20.25,58.32
21.87,58.32
22.68,58.32
23.49,58.32
24.3,58.32
25.11,58.32
25.92,58.32
27.54,58.32
29.16,58.32
29.97,58.32
31.59,58.32
34.02,58.32
34.83,58.32
39.69,58.32
40.5,58.32
42.12,58.32
42.93,58.32
43.74,58.32
46.98,58.32
0.0,57.51
1.62,57.51
2.43,57.51
3.24,57.51
6.48,57.51
8.91,57.51
9.72,57.51
10.53,57.51
11.34,57.51
12.15,57.51
14.58,57.51
15.39,57.51
17.01,57.51
19.44,57.51
21.06,57.51
26.73,57.51
28.35,57.51
30.78,57.51
32.4,57.51
33.21,57.51
35.64,57.51
36.45,57.51
37.26,57.51
38.07,57.51
38.88,57.51
41.31,57.51
44.55,57.51
45.36,57.51
46.17,57.51
47.79,57.51
0.0,56.7
1.62,56.7
2.43,56.7
3.24,56.7
6.48,56.7
8.91,56.7
9.72,56.7
10.53,56.7
11.34,56.7
12.15,56.7
14.58,56.7
15.39,56.7
17.01,56.7
19.44,56.7
21.06,56.7
26.73,56.7
28.35,56.7
30.78,56.7
32.4,56.7
33.21,56.7
35.64,56.7
36.45,56.7
37.26,56.7
38.07,56.7
38.88,56.7
41.31,56.7
44.55,56.7
45.36,56.7
46.17,56.7
47.79,56.7
0.81,55.89
4.05,55.89
4.86,55.89
5.67,55.89
7.29,55.89
8.1,55.89
12.96,55.89
13.77,55.89
16.2,55.89
17.82,55.89
18.63,55.89
20.25,55.89
21.87,55.89
22.68,55.89
23.49,55.89
24.3,55.89
25.11,55.89
25.92,55.89
27.54,55.89
29.16,55.89
29.97,55.89
31.59,55.89
34.02,55.89
34.83,55.89
39.69,55.89
40.5,55.89
42.12,55.89
42.93,55.89
43.74,55.89
46.98,55.89
0.0,55.08
1.62,55.08
2.43,55.08
3.24,55.08
6.48,55.08
8.91,55.08
9.72,55.08
10.53,55.08
11.34,55.08
12.15,55.08
14.58,55.08
15.39,55.08
17.01,55.08
19.44,55.08
21.06,55.08
26.73,55.08
28.35,55.08
30.78,55.08
32.4,55.08
33.21,55.08
35.64,55.08
36.45,55.08
37.26,55.08
38.07,55.08
38.88,55.08
41.31,55.08
44.55,55.08
45.36,55.08
46.17,55.08
47.79,55.08
0.0,54.27
1.62,54.27
2.43,54.27
3.24,54.27
6.48,54.27
8.91,54.27
9.72,54.27
10.53,54.27
11.34,54.27
12.15,54.27
14.58,54.27
15.39,54.27
17.01,54.27
19.44,54.27
21.06,54.27
26.73,54.27
28.35,54.27
30.78,54.27
32.4,54.27
33.21,54.27
35.64,54.27
36.45,54.27
37.26,54.27
38.07,54.27
38.88,54.27
41.31,54.27
44.55,54.27
45.36,54.27
46.17,54.27
47.79,54.27
0.0,53.46
1.62,53.46
2.43,53.46
3.24,53.46
6.48,53.46
8.91,53.46
9.72,53.46
10.53,53.46
11.34,53.46
12.15,53.46
14.58,53.46
15.39,53.46
17.01,53.46
19.44,53.46
21.06,53.46
26.73,53.46
28.35,53.46
30.78,53.46
32.4,53.46
33.21,53.46
35.64,53.46
36.45,53.46
37.26,53.46
38.07,53.46
38.88,53.46
41.31,53.46
44.55,53.46
45.36,53.46
46.17,53.46
47.79,53.46
0.81,52.65
4.05,52.65
4.86,52.65
5.67,52.65
7.29,52.65
8.1,52.65
12.96,52.65
13.77,52.65
16.2,52.65
17.82,52.65
18.63,52.65
20.25,52.65
21.87,52.65
22.68,52.65
23.49,52.65
24.3,52.65
25.11,52.65
25.92,52.65
27.54,52.65
29.16,52.65
29.97,52.65
31.59,52.65
34.02,52.65
34.83,52.65
39.69,52.65
40.5,52.65
42.12,52.65
42.93,52.65
43.74,52.65
46.98,52.65
0.81,51.84
4.05,51.84
4.86,51.84
5.67,51.84
7.29,51.84
8.1,51.84
12.96,51.84
13.77,51.84
16.2,51.84
17.82,51.84
18.63,51.84
20.25,51.84
21.87,51.84
22.68,51.84
23.49,51.84
24.3,51.84
25.11,51.84
25.92,51.84
27.54,51.84
29.16,51.84
29.97,51.84
31.59,51.84
34.02,51.84
34.83,51.84
39.69,51.84
40.5,51.84
42.12,51.84
42.93,51.84
43.74,51.84
46.98,51.84
0.81,51.03
4.05,51.03
4.86,51.03
5.67,51.03
7.29,51.03
8.1,51.03
12.96,51.03
13.77,51.03
16.2,51.03
17.82,51.03
18.63,51.03
20.25,51.03
21.87,51.03
22.68,51.03
23.49,51.03
24.3,51.03
25.11,51.03
25.92,51.03
27.54,51.03
29.16,51.03
29.97,51.03
31.59,51.03
34.02,51.03
34.83,51.03
39.69,51.03
40.5,51.03
42.12,51.03
42.93,51.03
43.74,51.03
46.98,51.03
0.0,50.22
1.62,50.22
2.43,50.22
3.24,50.22
6.48,50.22
8.91,50.22
9.72,50.22
10.53,50.22
11.34,50.22
12.15,50.22
14.58,50.22
15.39,50.22
17.01,50.22
19.44,50.22
21.06,50.22
26.73,50.22
28.35,50.22
30.78,50.22
32.4,50.22
33.21,50.22
35.64,50.22
36.45,50.22
37.26,50.22
38.07,50.22
38.88,50.22
41.31,50.22
44.55,50.22
45.36,50.22
46.17,50.22
47.79,50.22
0.81,49.41
4.05,49.41
4.86,49.41
5.67,49.41
7.29,49.41
8.1,49.41
12.96,49.41
13.77,49.41
16.2,49.41
17.82,49.41
18.63,49.41
20.25,49.41
21.87,49.41
22.68,49.41
23.49,49.41
24.3,49.41
25.11,49.41
25.92,49.41
27.54,49.41
29.16,49.41
29.97,49.41
31.59,49.41
34.02,49.41
34.83,49.41
39.69,49.41
40.5,49.41
42.12,49.41
42.93,49.41
43.74,49.41
46.98,49.41
