26.4,26.0
26.8,26.0
28.0,26.0
28.8,26.0
30.0,26.0
30.4,26.0
32.0,26.0
32.4,26.0
32.8,26.0
33.2,26.0
34.0,26.0
34.8,26.0
35.2,26.0
35.6,26.0
36.0,26.0
36.4,26.0
36.8,26.0
38.0,26.0
39.6,26.0
40.4,26.0
40.8,26.0
41.2,26.0
42.0,26.0
42.4,26.0
45.2,26.0
46.0,26.0
48.0,26.0
48.4,26.0
48.8,26.0
50.0,26.0
50.4,26.0
51.2,26.0
52.0,26.0
52.4,26.0
26.4,25.6
27.2,25.6
27.6,25.6
28.4,25.6
29.2,25.6
29.6,25.6
30.8,25.6
31.2,25.6
31.6,25.6
33.6,25.6
34.4,25.6
37.2,25.6
37.6,25.6
38.4,25.6
38.8,25.6
39.2,25.6
40.0,25.6
41.6,25.6
42.8,25.6
43.2,25.6
43.6,25.6
44.0,25.6
44.4,25.6
44.8,25.6
45.6,25.6
46.4,25.6
46.8,25.6
47.2,25.6
47.6,25.6
49.2,25.6
49.6,25.6
50.8,25.6
51.6,25.6
52.8,25.6
26.4,25.2
27.2,25.2
27.6,25.2
28.4,25.2
29.2,25.2
29.6,25.2
30.8,25.2
31.2,25.2
31.6,25.2
33.6,25.2
34.4,25.2
37.2,25.2
37.6,25.2
38.4,25.2
38.8,25.2
39.2,25.2
40.0,25.2
41.6,25.2
42.8,25.2
43.2,25.2
43.6,25.2
44.0,25.2
44.4,25.2
44.8,25.2
45.6,25.2
46.4,25.2
46.8,25.2
47.2,25.2
47.6,25.2
49.2,25.2
49.6,25.2
50.8,25.2
51.6,25.2
52.8,25.2
26.4,24.8
26.8,24.8
28.0,24.8
28.8,24.8
30.0,24.8
30.4,24.8
32.0,24.8
32.4,24.8
32.8,24.8
33.2,24.8
34.0,24.8
34.8,24.8
35.2,24.8
35.6,24.8
36.0,24.8
36.4,24.8
36.8,24.8
38.0,24.8
39.6,24.8
40.4,24.8
40.8,24.8
41.2,24.8
42.0,24.8
42.4,24.8
45.2,24.8
46.0,24.8
48.0,24.8
48.4,24.8
48.8,24.8
50.0,24.8
50.4,24.8
51.2,24.8
52.0,24.8
52.4,24.8
26.4,24.4
27.2,24.4
27.6,24.4
28.4,24.4
29.2,24.4
29.6,24.4
30.8,24.4
31.2,24.4
31.6,24.4
33.6,24.4
34.4,24.4
37.2,24.4
37.6,24.4
38.4,24.4
38.8,24.4
39.2,24.4
40.0,24.4
41.6,24.4
42.8,24.4
43.2,24.4
43.6,24.4
44.0,24.4
44.4,24.4
44.8,24.4
45.6,24.4
46.4,24.4
46.8,24.4
47.2,24.4
47.6,24.4
49.2,24.4
49.6,24.4
50.8,24.4
51.6,24.4
52.8,24.4
26.4,24.0
26.8,24.0
28.0,24.0
28.8,24.0
30.0,24.0
30.4,24.0
32.0,24.0
32.4,24.0
32.8,24.0
33.2,24.0
34.0,24.0
34.8,24.0
35.2,24.0
35.6,24.0
36.0,24.0
36.4,24.0
36.8,24.0
38.0,24.0
39.6,24.0
40.4,24.0
40.8,24.0
41.2,24.0
42.0,24.0
42.4,24.0
45.2,24.0
46.0,24.0
48.0,24.0
48.4,24.0
48.8,24.0
50.0,24.0
50.4,24.0
51.2,24.0
52.0,24.0
52.4,24.0
26.4,23.6
27.2,23.6
27.6,23.6
28.4,23.6
29.2,23.6
29.6,23.6
30.8,23.6
31.2,23.6
31.6,23.6
33.6,23.6
34.4,23.6
37.2,23.6
37.6,23.6
38.4,23.6
38.8,23.6
39.2,23.6
40.0,23.6
41.6,23.6
42.8,23.6
43.2,23.6
43.6,23.6
44.0,23.6
44.4,23.6
44.8,23.6
45.6,23.6
46.4,23.6
46.8,23.6
47.2,23.6
47.6,23.6
49.2,23.6
49.6,23.6
50.8,23.6
51.6,23.6
52.8,23.6
26.4,23.2
27.2,23.2
27.6,23.2
28.4,23.2
29.2,23.2
29.6,23.2
30.8,23.2
31.2,23.2
31.6,23.2
33.6,23.2
34.4,23.2
37.2,23.2
37.6,23.2
38.4,23.2
38.8,23.2
39.2,23.2
40.0,23.2
41.6,23.2
42.8,23.2
43.2,23.2
43.6,23.2
44.0,23.2
44.4,23.2
44.8,23.2
45.6,23.2
46.4,23.2
46.8,23.2
47.2,23.2
47.6,23.2
49.2,23.2
49.6,23.2
50.8,23.2
51.6,23.2
52.8,23.2
26.4,22.8
26.8,22.8
28.0,22.8
28.8,22.8
30.0,22.8
30.4,22.8
32.0,22.8
32.4,22.8
32.8,22.8
33.2,22.8
34.0,22.8
34.8,22.8
35.2,22.8
35.6,22.8
36.0,22.8
36.4,22.8
36.8,22.8
38.0,22.8
39.6,22.8
40.4,22.8
40.8,22.8
41.2,22.8
42.0,22.8
42.4,22.8
45.2,22.8
46.0,22.8
48.0,22.8
48.4,22.8
48.8,22.8
50.0,22.8
50.4,22.8
51.2,22.8
52.0,22.8
52.4,22.8
26.4,22.4
26.8,22.4
28.0,22.4
28.8,22.4
30.0,22.4
30.4,22.4
32.0,22.4
32.4,22.4
32.8,22.4
33.2,22.4
34.0,22.4
34.8,22.4
35.2,22.4
35.6,22.4
36.0,22.4
36.4,22.4
36.8,22.4
38.0,22.4
39.6,22.4
40.4,22.4
40.8,22.4
41.2,22.4
42.0,22.4
42.4,22.4
45.2,22.4
46.0,22.4
48.0,22.4
48.4,22.4
48.8,22.4
50.0,22.4
50.4,22.4
51.2,22.4
52.0,22.4
52.4,22.4
26.4,22.0
27.2,22.0
27.6,22.0
28.4,22.0
29.2,22.0
29.6,22.0
30.8,22.0
31.2,22.0
31.6,22.0
33.6,22.0
34.4,22.0
37.2,22.0
37.6,22.0
38.4,22.0
38.8,22.0
39.2,22.0
40.0,22.0
41.6,22.0
42.8,22.0
43.2,22.0
43.6,22.0
44.0,22.0
44.4,22.0
44.8,22.0
45.6,22.0
46.4,22.0
46.8,22.0
47.2,22.0
47.6,22.0
49.2,22.0
49.6,22.0
50.8,22.0
51.6,22.0
52.8,22.0
26.4,21.6
27.2,21.6
27.6,21.6
28.4,21.6
29.2,21.6
29.6,21.6
30.8,21.6
31.2,21.6
31.6,21.6
33.6,21.6
34.4,21.6
37.2,21.6
37.6,21.6
38.4,21.6
38.8,21.6
39.2,21.6
40.0,21.6
41.6,21.6
42.8,21.6
43.2,21.6
43.6,21.6
44.0,21.6
44.4,21.6
44.8,21.6
45.6,21.6
46.4,21.6
46.8,21.6
47.2,21.6
47.6,21.6
49.2,21.6
49.6,21.6
50.8,21.6
51.6,21.6
52.8,21.6
26.4,21.2
27.2,21.2
27.6,21.2
28.4,21.2
29.2,21.2
29.6,21.2
30.8,21.2
31.2,21.2
31.6,21.2
33.6,21.2
34.4,21.2
37.2,21.2
37.6,21.2
38.4,21.2
38.8,21.2
39.2,21.2
40.0,21.2
41.6,21.2
42.8,21.2
43.2,21.2
43.6,21.2
44.0,21.2
44.4,21.2
44.8,21.2
45.6,21.2
46.4,21.2
46.8,21.2
47.2,21.2
47.6,21.2
49.2,21.2
49.6,21.2
50.8,21.2
51.6,21.2
52.8,21.2
26.4,20.8
26.8,20.8
28.0,20.8
28.8,20.8
30.0,20.8
30.4,20.8
32.0,20.8
32.4,20.8
32.8,20.8
33.2,20.8
34.0,20.8
34.8,20.8
35.2,20.8
35.6,20.8
36.0,20.8
36.4,20.8
36.8,20.8
38.0,20.8
39.6,20.8
40.4,20.8
40.8,20.8
41.2,20.8
42.0,20.8
42.4,20.8
45.2,20.8
46.0,20.8
48.0,20.8
48.4,20.8
48.8,20.8
50.0,20.8
50.4,20.8
51.2,20.8
52.0,20.8
52.4,20.8
26.4,20.4
26.8,20.4
28.0,20.4
28.8,20.4
30.0,20.4
30.4,20.4
32.0,20.4
32.4,20.4
32.8,20.4
33.2,20.4
34.0,20.4
34.8,20.4
35.2,20.4
35.6,20.4
36.0,20.4
36.4,20.4
36.8,20.4
38.0,20.4
39.6,20.4
40.4,20.4
40.8,20.4
41.2,20.4
42.0,20.4
42.4,20.4
45.2,20.4
46.0,20.4
48.0,20.4
48.4,20.4
48.8,20.4
50.0,20.4
50.4,20.4
51.2,20.4
52.0,20.4
52.4,20.4
26.4,20.0
26.8,20.0
28.0,20.0
28.8,20.0
30.0,20.0
30.4,20.0
32.0,20.0
32.4,20.0
32.8,20.0
33.2,20.0
34.0,20.0
34.8,20.0
35.2,20.0
35.6,20.0
36.0,20.0
36.4,20.0
36.8,20.0
38.0,20.0
39.6,20.0
40.4,20.0
40.8,20.0
41.2,20.0
42.0,20.0
42.4,20.0
45.2,20.0
46.0,20.0
48.0,20.0
48.4,20.0
48.8,20.0
50.0,20.0
50.4,20.0
51.2,20.0
52.0,20.0
52.4,20.0
26.4,19.6
26.8,19.6
28.0,19.6
28.8,19.6
30.0,19.6
30.4,19.6
32.0,19.6
32.4,19.6
32.8,19.6
33.2,19.6
34.0,19.6
34.8,19.6
35.2,19.6
35.6,19.6
36.0,19.6
36.4,19.6
36.8,19.6
38.0,19.6
39.6,19.6
40.4,19.6
40.8,19.6
41.2,19.6
42.0,19.6
42.4,19.6
45.2,19.6
46.0,19.6
48.0,19.6
48.4,19.6
48.8,19.6
50.0,19.6
50.4,19.6
51.2,19.6
52.0,19.6
52.4,19.6
26.4,19.2
27.2,19.2
27.6,19.2
28.4,19.2
29.2,19.2
29.6,19.2
30.8,19.2
31.2,19.2
31.6,19.2
33.6,19.2
34.4,19.2
37.2,19.2
37.6,19.2
38.4,19.2
38.8,19.2
39.2,19.2
40.0,19.2
41.6,19.2
42.8,19.2
43.2,19.2
43.6,19.2
44.0,19.2
44.4,19.2
44.8,19.2
45.6,19.2
46.4,19.2
46.8,19.2
47.2,19.2
47.6,19.2
49.2,19.2
49.6,19.2
50.8,19.2
51.6,19.2
52.8,19.2
26.4,18.8
26.8,18.8
28.0,18.8
28.8,18.8
30.0,18.8
30.4,18.8
32.0,18.8
32.4,18.8
32.8,18.8
33.2,18.8
34.0,18.8
34.8,18.8
35.2,18.8
35.6,18.8
36.0,18.8
36.4,18.8
36.8,18.8
38.0,18.8
39.6,18.8
40.4,18.8
40.8,18.8
41.2,18.8
42.0,18.8
42.4,18.8
45.2,18.8
46.0,18.8
48.0,18.8
48.4,18.8
48.8,18.8
50.0,18.8
50.4,18.8
51.2,18.8
52.0,18.8
52.4,18.8
26.4,18.4
27.2,18.4
27.6,18.4
28.4,18.4
29.2,18.4
29.6,18.4
30.8,18.4
31.2,18.4
31.6,18.4
33.6,18.4
34.4,18.4
37.2,18.4
37.6,18.4
38.4,18.4
38.8,18.4
39.2,18.4
40.0,18.4
41.6,18.4
42.8,18.4
43.2,18.4
43.6,18.4
44.0,18.4
44.4,18.4
44.8,18.4
45.6,18.4
46.4,18.4
46.8,18.4
47.2,18.4
47.6,18.4
49.2,18.4
49.6,18.4
50.8,18.4
51.6,18.4
52.8,18.4
26.4,18.0
26.8,18.0
28.0,18.0
28.8,18.0
30.0,18.0
30.4,18.0
32.0,18.0
32.4,18.0
32.8,18.0
33.2,18.0
34.0,18.0
34.8,18.0
35.2,18.0
35.6,18.0
36.0,18.0
36.4,18.0
36.8,18.0
38.0,18.0
39.6,18.0
40.4,18.0
40.8,18.0
41.2,18.0
42.0,18.0
42.4,18.0
45.2,18.0
46.0,18.0
48.0,18.0
48.4,18.0
48.8,18.0
50.0,18.0
50.4,18.0
51.2,18.0
52.0,18.0
52.4,18.0
26.4,17.6
26.8,17.6
28.0,17.6
28.8,17.6
30.0,17.6
30.4,17.6
32.0,17.6
32.4,17.6
32.8,17.6
33.2,17.6
34.0,17.6
34.8,17.6
35.2,17.6
35.6,17.6
36.0,17.6
36.4,17.6
36.8,17.6
38.0,17.6
39.6,17.6
40.4,17.6
40.8,17.6
41.2,17.6
42.0,17.6
42.4,17.6
45.2,17.6
46.0,17.6
48.0,17.6
48.4,17.6
48.8,17.6
50.0,17.6
50.4,17.6
51.2,17.6
52.0,17.6
52.4,17.6
26.4,17.2
26.8,17.2
28.0,17.2
28.8,17.2
30.0,17.2
30.4,17.2
32.0,17.2
32.4,17.2
32.8,17.2
33.2,17.2
34.0,17.2
34.8,17.2
35.2,17.2
35.6,17.2
36.0,17.2
36.4,17.2
36.8,17.2
38.0,17.2
39.6,17.2
40.4,17.2
40.8,17.2
41.2,17.2
42.0,17.2
42.4,17.2
45.2,17.2
46.0,17.2
48.0,17.2
48.4,17.2
48.8,17.2
50.0,17.2
50.4,17.2
51.2,17.2
52.0,17.2
52.4,17.2
26.4,16.8
26.8,16.8
28.0,16.8
28.8,16.8
30.0,16.8
30.4,16.8
32.0,16.8
32.4,16.8
32.8,16.8
33.2,16.8
34.0,16.8
34.8,16.8
35.2,16.8
35.6,16.8
36.0,16.8
36.4,16.8
36.8,16.8
38.0,16.8
39.6,16.8
40.4,16.8
40.8,16.8
41.2,16.8
42.0,16.8
42.4,16.8
45.2,16.8
46.0,16.8
48.0,16.8
48.4,16.8
48.8,16.8
50.0,16.8
50.4,16.8
51.2,16.8
52.0,16.8
52.4,16.8
26.4,16.4
26.8,16.4
28.0,16.4
28.8,16.4
30.0,16.4
30.4,16.4
32.0,16.4
32.4,16.4
32.8,16.4
33.2,16.4
34.0,16.4
34.8,16.4
35.2,16.4
35.6,16.4
36.0,16.4
36.4,16.4
36.8,16.4
38.0,16.4
39.6,16.4
40.4,16.4
40.8,16.4
41.2,16.4
42.0,16.4
42.4,16.4
45.2,16.4
46.0,16.4
48.0,16.4
48.4,16.4
48.8,16.4
50.0,16.4
50.4,16.4
51.2,16.4
52.0,16.4
52.4,16.4
26.4,16.0
26.8,16.0
28.0,16.0
28.8,16.0
30.0,16.0
30.4,16.0
32.0,16.0
32.4,16.0
32.8,16.0
33.2,16.0
34.0,16.0
34.8,16.0
35.2,16.0
35.6,16.0
36.0,16.0
36.4,16.0
36.8,16.0
38.0,16.0
39.6,16.0
40.4,16.0
40.8,16.0
41.2,16.0
42.0,16.0
42.4,16.0
45.2,16.0
46.0,16.0
48.0,16.0
48.4,16.0
48.8,16.0
50.0,16.0
50.4,16.0
51.2,16.0
52.0,16.0
52.4,16.0
26.4,15.6
27.2,15.6
27.6,15.6
28.4,15.6
29.2,15.6
29.6,15.6
30.8,15.6
31.2,15.6
31.6,15.6
33.6,15.6
34.4,15.6
37.2,15.6
37.6,15.6
38.4,15.6
38.8,15.6
39.2,15.6
40.0,15.6
41.6,15.6
42.8,15.6
43.2,15.6
43.6,15.6
44.0,15.6
44.4,15.6
44.8,15.6
45.6,15.6
46.4,15.6
46.8,15.6
47.2,15.6
47.6,15.6
49.2,15.6
49.6,15.6
50.8,15.6
51.6,15.6
52.8,15.6
26.4,15.2
27.2,15.2
27.6,15.2
28.4,15.2
29.2,15.2
29.6,15.2
30.8,15.2
31.2,15.2
31.6,15.2
33.6,15.2
34.4,15.2
37.2,15.2
37.6,15.2
38.4,15.2
38.8,15.2
39.2,15.2
40.0,15.2
41.6,15.2
42.8,15.2
43.2,15.2
43.6,15.2
44.0,15.2
44.4,15.2
44.8,15.2
45.6,15.2
46.4,15.2
46.8,15.2
47.2,15.2
47.6,15.2
49.2,15.2
49.6,15.2
50.8,15.2
51.6,15.2
52.8,15.2
26.4,14.8
26.8,14.8
28.0,14.8
28.8,14.8
30.0,14.8
30.4,14.8
32.0,14.8
32.4,14.8
32.8,14.8
33.2,14.8
34.0,14.8
34.8,14.8
35.2,14.8
35.6,14.8
36.0,14.8
36.4,14.8
36.8,14.8
38.0,14.8
39.6,14.8
40.4,14.8
40.8,14.8
41.2,14.8
42.0,14.8
42.4,14.8
45.2,14.8
46.0,14.8
48.0,14.8
48.4,14.8
48.8,14.8
50.0,14.8
50.4,14.8
51.2,14.8
52.0,14.8
52.4,14.8
26.4,14.4
27.2,14.4
27.6,14.4
28.4,14.4
29.2,14.4
29.6,14.4
30.8,14.4
31.2,14.4
31.6,14.4
33.6,14.4
34.4,14.4
37.2,14.4
37.6,14.4
38.4,14.4
38.8,14.4
39.2,14.4
40.0,14.4
41.6,14.4
42.8,14.4
43.2,14.4
43.6,14.4
44.0,14.4
44.4,14.4
44.8,14.4
45.6,14.4
46.4,14.4
46.8,14.4
47.2,14.4
47.6,14.4
49.2,14.4
49.6,14.4
50.8,14.4
51.6,14.4
52.8,14.4
26.4,14.0
27.2,14.0
27.6,14.0
28.4,14.0
29.2,14.0
29.6,14.0
30.8,14.0
31.2,14.0
31.6,14.0
33.6,14.0
34.4,14.0
37.2,14.0
37.6,14.0
38.4,14.0
38.8,14.0
39.2,14.0
40.0,14.0
41.6,14.0
42.8,14.0
43.2,14.0
43.6,14.0
44.0,14.0
44.4,14.0
44.8,14.0
45.6,14.0
46.4,14.0
46.8,14.0
47.2,14.0
47.6,14.0
49.2,14.0
49.6,14.0
50.8,14.0
51.6,14.0
52.8,14.0
26.4,13.6
27.2,13.6
27.6,13.6
28.4,13.6
29.2,13.6
29.6,13.6
30.8,13.6
31.2,13.6
31.6,13.6
33.6,13.6
34.4,13.6
37.2,13.6
37.6,13.6
38.4,13.6
38.8,13.6
39.2,13.6
40.0,13.6
41.6,13.6
42.8,13.6
43.2,13.6
43.6,13.6
44.0,13.6
44.4,13.6
44.8,13.6
45.6,13.6
46.4,13.6
46.8,13.6
47.2,13.6
47.6,13.6
49.2,13.6
49.6,13.6
50.8,13.6
51.6,13.6
52.8,13.6
26.4,13.2
26.8,13.2
28.0,13.2
28.8,13.2
30.0,13.2
30.4,13.2
32.0,13.2
32.4,13.2
32.8,13.2
33.2,13.2
34.0,13.2
34.8,13.2
35.2,13.2
35.6,13.2
36.0,13.2
36.4,13.2
36.8,13.2
38.0,13.2
39.6,13.2
40.4,13.2
40.8,13.2
41.2,13.2
42.0,13.2
42.4,13.2
45.2,13.2
46.0,13.2
48.0,13.2
48.4,13.2
48.8,13.2
50.0,13.2
50.4,13.2
51.2,13.2
52.0,13.2
52.4,13.2
26.4,12.8
27.2,12.8
27.6,12.8
28.4,12.8
29.2,12.8
29.6,12.8
30.8,12.8
31.2,12.8
31.6,12.8
33.6,12.8
34.4,12.8
37.2,12.8
37.6,12.8
38.4,12.8
38.8,12.8
39.2,12.8
40.0,12.8
41.6,12.8
42.8,12.8
43.2,12.8
43.6,12.8
44.0,12.8
44.4,12.8
44.8,12.8
45.6,12.8
46.4,12.8
46.8,12.8
47.2,12.8
47.6,12.8
49.2,12.8
49.6,12.8
50.8,12.8
51.6,12.8
52.8,12.8
26.4,12.4
26.8,12.4
28.0,12.4
28.8,12.4
30.0,12.4
30.4,12.4
32.0,12.4
32.4,12.4
32.8,12.4
33.2,12.4
34.0,12.4
34.8,12.4
35.2,12.4
35.6,12.4
36.0,12.4
36.4,12.4
36.8,12.4
38.0,12.4
39.6,12.4
40.4,12.4
40.8,12.4
41.2,12.4
42.0,12.4
42.4,12.4
45.2,12.4
46.0,12.4
48.0,12.4
48.4,12.4
48.8,12.4
50.0,12.4
50.4,12.4
51.2,12.4
52.0,12.4
52.4,12.4
26.4,12.0
26.8,12.0
28.0,12.0
28.8,12.0
30.0,12.0
30.4,12.0
32.0,12.0
32.4,12.0
32.8,12.0
33.2,12.0
34.0,12.0
34.8,12.0
35.2,12.0
35.6,12.0
36.0,12.0
36.4,12.0
36.8,12.0
38.0,12.0
39.6,12.0
40.4,12.0
40.8,12.0
41.2,12.0
42.0,12.0
42.4,12.0
45.2,12.0
46.0,12.0
48.0,12.0
48.4,12.0
48.8,12.0
50.0,12.0
50.4,12.0
51.2,12.0
52.0,12.0
52.4,12.0
26.4,11.6
26.8,11.6
28.0,11.6
28.8,11.6
30.0,11.6
30.4,11.6
32.0,11.6
32.4,11.6
32.8,11.6
33.2,11.6
34.0,11.6
34.8,11.6
35.2,11.6
35.6,11.6
36.0,11.6
36.4,11.6
36.8,11.6
38.0,11.6
39.6,11.6
40.4,11.6
40.8,11.6
41.2,11.6
42.0,11.6
42.4,11.6
45.2,11.6
46.0,11.6
48.0,11.6
48.4,11.6
48.8,11.6
50.0,11.6
50.4,11.6
51.2,11.6
52.0,11.6
52.4,11.6
26.4,11.2
27.2,11.2
27.6,11.2
28.4,11.2
29.2,11.2
29.6,11.2
30.8,11.2
31.2,11.2
31.6,11.2
33.6,11.2
34.4,11.2
37.2,11.2
37.6,11.2
38.4,11.2
38.8,11.2
39.2,11.2
40.0,11.2
41.6,11.2
42.8,11.2
43.2,11.2
43.6,11.2
44.0,11.2
44.4,11.2
44.8,11.2
45.6,11.2
46.4,11.2
46.8,11.2
47.2,11.2
47.6,11.2
49.2,11.2
49.6,11.2
50.8,11.2
51.6,11.2
52.8,11.2
26.4,10.8
26.8,10.8
28.0,10.8
28.8,10.8
30.0,10.8
30.4,10.8
32.0,10.8
32.4,10.8
32.8,10.8
33.2,10.8
34.0,10.8
34.8,10.8
35.2,10.8
35.6,10.8
36.0,10.8
36.4,10.8
36.8,10.8
38.0,10.8
39.6,10.8
40.4,10.8
40.8,10.8
41.2,10.8
42.0,10.8
42.4,10.8
45.2,10.8
46.0,10.8
48.0,10.8
48.4,10.8
48.8,10.8
50.0,10.8
50.4,10.8
51.2,10.8
52.0,10.8
52.4,10.8
26.4,10.4
26.8,10.4
28.0,10.4
28.8,10.4
30.0,10.4
30.4,10.4
32.0,10.4
32.4,10.4
32.8,10.4
33.2,10.4
34.0,10.4
34.8,10.4
35.2,10.4
35.6,10.4
36.0,10.4
36.4,10.4
36.8,10.4
38.0,10.4
39.6,10.4
40.4,10.4
40.8,10.4
41.2,10.4
42.0,10.4
42.4,10.4
45.2,10.4
46.0,10.4
48.0,10.4
48.4,10.4
48.8,10.4
50.0,10.4
50.4,10.4
51.2,10.4
52.0,10.4
52.4,10.4
26.4,10.0
27.2,10.0
27.6,10.0
28.4,10.0
29.2,10.0
29.6,10.0
30.8,10.0
31.2,10.0
31.6,10.0
33.6,10.0
34.4,10.0
37.2,10.0
37.6,10.0
38.4,10.0
38.8,10.0
39.2,10.0
40.0,10.0
41.6,10.0
42.8,10.0
43.2,10.0
43.6,10.0
44.0,10.0
44.4,10.0
44.8,10.0
45.6,10.0
46.4,10.0
46.8,10.0
47.2,10.0
47.6,10.0
49.2,10.0
49.6,10.0
50.8,10.0
51.6,10.0
52.8,10.0
26.4,9.6
27.2,9.6
27.6,9.6
28.4,9.6
29.2,9.6
29.6,9.6
30.8,9.6
31.2,9.6
31.6,9.6
33.6,9.6
34.4,9.6
37.2,9.6
37.6,9.6
38.4,9.6
38.8,9.6
39.2,9.6
40.0,9.6
41.6,9.6
42.8,9.6
43.2,9.6
43.6,9.6
44.0,9.6
44.4,9.6
44.8,9.6
45.6,9.6
46.4,9.6
46.8,9.6
47.2,9.6
47.6,9.6
49.2,9.6
49.6,9.6
50.8,9.6
51.6,9.6
52.8,9.6
26.4,9.2
27.2,9.2
27.6,9.2
28.4,9.2
29.2,9.2
29.6,9.2
30.8,9.2
31.2,9.2
31.6,9.2
33.6,9.2
34.4,9.2
37.2,9.2
37.6,9.2
38.4,9.2
38.8,9.2
39.2,9.2
40.0,9.2
41.6,9.2
42.8,9.2
43.2,9.2
43.6,9.2
44.0,9.2
44.4,9.2
44.8,9.2
45.6,9.2
46.4,9.2
46.8,9.2
47.2,9.2
47.6,9.2
49.2,9.2
49.6,9.2
50.8,9.2
51.6,9.2
52.8,9.2
26.4,8.8
27.2,8.8
27.6,8.8
28.4,8.8
29.2,8.8
29.6,8.8
30.8,8.8
31.2,8.8
31.6,8.8
33.6,8.8
34.4,8.8
37.2,8.8
37.6,8.8
38.4,8.8
38.8,8.8
39.2,8.8
40.0,8.8
41.6,8.8
42.8,8.8
43.2,8.8
43.6,8.8
44.0,8.8
44.4,8.8
44.8,8.8
45.6,8.8
46.4,8.8
46.8,8.8
47.2,8.8
47.6,8.8
49.2,8.8
49.6,8.8
50.8,8.8
51.6,8.8
52.8,8.8
26.4,8.4
27.2,8.4
27.6,8.4
28.4,8.4
29.2,8.4
29.6,8.4
30.8,8.4
31.2,8.4
31.6,8.4
33.6,8.4
34.4,8.4
37.2,8.4
37.6,8.4
38.4,8.4
38.8,8.4
39.2,8.4
40.0,8.4
41.6,8.4
42.8,8.4
43.2,8.4
43.6,8.4
44.0,8.4
44.4,8.4
44.8,8.4
45.6,8.4
46.4,8.4
46.8,8.4
47.2,8.4
47.6,8.4
49.2,8.4
49.6,8.4
50.8,8.4
51.6,8.4
52.8,8.4
26.4,8.0
27.2,8.0
27.6,8.0
28.4,8.0
29.2,8.0
29.6,8.0
30.8,8.0
31.2,8.0
31.6,8.0
33.6,8.0
34.4,8.0
37.2,8.0
37.6,8.0
38.4,8.0
38.8,8.0
39.2,8.0
40.0,8.0
41.6,8.0
42.8,8.0
43.2,8.0
43.6,8.0
44.0,8.0
44.4,8.0
44.8,8.0
45.6,8.0
46.4,8.0
46.8,8.0
47.2,8.0
47.6,8.0
49.2,8.0
49.6,8.0
50.8,8.0
51.6,8.0
52.8,8.0
26.4,7.6
26.8,7.6
28.0,7.6
28.8,7.6
30.0,7.6
30.4,7.6
32.0,7.6
32.4,7.6
32.8,7.6
33.2,7.6
34.0,7.6
34.8,7.6
35.2,7.6
35.6,7.6
36.0,7.6
36.4,7.6
36.8,7.6
38.0,7.6
39.6,7.6
40.4,7.6
40.8,7.6
41.2,7.6
42.0,7.6
42.4,7.6
45.2,7.6
46.0,7.6
48.0,7.6
48.4,7.6
48.8,7.6
50.0,7.6
50.4,7.6
51.2,7.6
52.0,7.6
52.4,7.6
26.4,7.2
27.2,7.2
27.6,7.2
28.4,7.2
29.2,7.2
29.6,7.2
30.8,7.2
31.2,7.2
31.6,7.2
33.6,7.2
34.4,7.2
37.2,7.2
37.6,7.2
38.4,7.2
38.8,7.2
39.2,7.2
40.0,7.2
41.6,7.2
42.8,7.2
43.2,7.2
43.6,7.2
44.0,7.2
44.4,7.2
44.8,7.2
45.6,7.2
46.4,7.2
46.8,7.2
47.2,7.2
47.6,7.2
49.2,7.2
49.6,7.2
50.8,7.2
51.6,7.2
52.8,7.2
26.4,6.8
26.8,6.8
28.0,6.8
28.8,6.8
30.0,6.8
30.4,6.8
32.0,6.8
32.4,6.8
32.8,6.8
33.2,6.8
34.0,6.8
34.8,6.8
35.2,6.8
35.6,6.8
36.0,6.8
36.4,6.8
36.8,6.8
38.0,6.8
39.6,6.8
40.4,6.8
40.8,6.8
41.2,6.8
42.0,6.8
42.4,6.8
45.2,6.8
46.0,6.8
48.0,6.8
48.4,6.8
48.8,6.8
50.0,6.8
50.4,6.8
51.2,6.8
52.0,6.8
52.4,6.8
26.4,6.4
27.2,6.4
27.6,6.4
28.4,6.4
29.2,6.4
29.6,6.4
30.8,6.4
31.2,6.4
31.6,6.4
33.6,6.4
34.4,6.4
37.2,6.4
37.6,6.4
38.4,6.4
38.8,6.4
39.2,6.4
40.0,6.4
41.6,6.4
42.8,6.4
43.2,6.4
43.6,6.4
44.0,6.4
44.4,6.4
44.8,6.4
45.6,6.4
46.4,6.4
46.8,6.4
47.2,6.4
47.6,6.4
49.2,6.4
49.6,6.4
50.8,6.4
51.6,6.4
52.8,6.4
26.4,6.0
27.2,6.0
27.6,6.0
28.4,6.0
29.2,6.0
29.6,6.0
30.8,6.0
31.2,6.0
31.6,6.0
33.6,6.0
34.4,6.0
37.2,6.0
37.6,6.0
38.4,6.0
38.8,6.0
39.2,6.0
40.0,6.0
41.6,6.0
42.8,6.0
43.2,6.0
43.6,6.0
44.0,6.0
44.4,6.0
44.8,6.0
45.6,6.0
46.4,6.0
46.8,6.0
47.2,6.0
47.6,6.0
49.2,6.0
49.6,6.0
50.8,6.0
51.6,6.0
52.8,6.0
26.4,5.6
27.2,5.6
27.6,5.6
28.4,5.6
29.2,5.6
29.6,5.6
30.8,5.6
31.2,5.6
31.6,5.6
33.6,5.6
34.4,5.6
37.2,5.6
37.6,5.6
38.4,5.6
38.8,5.6
39.2,5.6
40.0,5.6
41.6,5.6
42.8,5.6
43.2,5.6
43.6,5.6
44.0,5.6
44.4,5.6
44.8,5.6
45.6,5.6
46.4,5.6
46.8,5.6
47.2,5.6
47.6,5.6
49.2,5.6
49.6,5.6
50.8,5.6
51.6,5.6
52.8,5.6
26.4,5.2
27.2,5.2
27.6,5.2
28.4,5.2
29.2,5.2
29.6,5.2
30.8,5.2
31.2,5.2
31.6,5.2
33.6,5.2
34.4,5.2
37.2,5.2
37.6,5.2
38.4,5.2
38.8,5.2
39.2,5.2
40.0,5.2
41.6,5.2
42.8,5.2
43.2,5.2
43.6,5.2
44.0,5.2
44.4,5.2
44.8,5.2
45.6,5.2
46.4,5.2
46.8,5.2
47.2,5.2
47.6,5.2
49.2,5.2
49.6,5.2
50.8,5.2
51.6,5.2
52.8,5.2
26.4,4.8
26.8,4.8
28.0,4.8
28.8,4.8
30.0,4.8
30.4,4.8
32.0,4.8
32.4,4.8
32.8,4.8
33.2,4.8
34.0,4.8
34.8,4.8
35.2,4.8
35.6,4.8
36.0,4.8
36.4,4.8
36.8,4.8
38.0,4.8
39.6,4.8
40.4,4.8
40.8,4.8
41.2,4.8
42.0,4.8
42.4,4.8
45.2,4.8
46.0,4.8
48.0,4.8
48.4,4.8
48.8,4.8
50.0,4.8
50.4,4.8
51.2,4.8
52.0,4.8
52.4,4.8
26.4,4.4
26.8,4.4
28.0,4.4
28.8,4.4
30.0,4.4
30.4,4.4
32.0,4.4
32.4,4.4
32.8,4.4
33.2,4.4
34.0,4.4
34.8,4.4
35.2,4.4
35.6,4.4
36.0,4.4
36.4,4.4
36.8,4.4
38.0,4.4
39.6,4.4
40.4,4.4
40.8,4.4
41.2,4.4
42.0,4.4
42.4,4.4
45.2,4.4
46.0,4.4
48.0,4.4
48.4,4.4
48.8,4.4
50.0,4.4
50.4,4.4
51.2,4.4
52.0,4.4
52.4,4.4
26.4,4.0
26.8,4.0
28.0,4.0
28.8,4.0
30.0,4.0
30.4,4.0
32.0,4.0
32.4,4.0
32.8,4.0
33.2,4.0
34.0,4.0
34.8,4.0
35.2,4.0
35.6,4.0
36.0,4.0
36.4,4.0
36.8,4.0
38.0,4.0
39.6,4.0
40.4,4.0
40.8,4.0
41.2,4.0
42.0,4.0
42.4,4.0
45.2,4.0
46.0,4.0
48.0,4.0
48.4,4.0
48.8,4.0
50.0,4.0
50.4,4.0
51.2,4.0
52.0,4.0
52.4,4.0
26.4,3.6
27.2,3.6
27.6,3.6
28.4,3.6
29.2,3.6
29.6,3.6
30.8,3.6
31.2,3.6
31.6,3.6
33.6,3.6
34.4,3.6
37.2,3.6
37.6,3.6
38.4,3.6
38.8,3.6
39.2,3.6
40.0,3.6
41.6,3.6
42.8,3.6
43.2,3.6
43.6,3.6
44.0,3.6
44.4,3.6
44.8,3.6
45.6,3.6
46.4,3.6
46.8,3.6
47.2,3.6
47.6,3.6
49.2,3.6
49.6,3.6
50.8,3.6
51.6,3.6
52.8,3.6
26.4,3.2
27.2,3.2
27.6,3.2
28.4,3.2
29.2,3.2
29.6,3.2
30.8,3.2
31.2,3.2
31.6,3.2
33.6,3.2
34.4,3.2
37.2,3.2
37.6,3.2
38.4,3.2
38.8,3.2
39.2,3.2
40.0,3.2
41.6,3.2
42.8,3.2
43.2,3.2
43.6,3.2
44.0,3.2
44.4,3.2
44.8,3.2
45.6,3.2
46.4,3.2
46.8,3.2
47.2,3.2
47.6,3.2
49.2,3.2
49.6,3.2
50.8,3.2
51.6,3.2
52.8,3.2
26.4,2.8
26.8,2.8
28.0,2.8
28.8,2.8
30.0,2.8
30.4,2.8
32.0,2.8
32.4,2.8
32.8,2.8
33.2,2.8
34.0,2.8
34.8,2.8
35.2,2.8
35.6,2.8
36.0,2.8
36.4,2.8
36.8,2.8
38.0,2.8
39.6,2.8
40.4,2.8
40.8,2.8
41.2,2.8
42.0,2.8
42.4,2.8
45.2,2.8
46.0,2.8
48.0,2.8
48.4,2.8
48.8,2.8
50.0,2.8
50.4,2.8
51.2,2.8
52.0,2.8
52.4,2.8
26.4,2.4
26.8,2.4
28.0,2.4
28.8,2.4
30.0,2.4
30.4,2.4
32.0,2.4
32.4,2.4
32.8,2.4
33.2,2.4
34.0,2.4
34.8,2.4
35.2,2.4
35.6,2.4
36.0,2.4
36.4,2.4
36.8,2.4
38.0,2.4
39.6,2.4
40.4,2.4
40.8,2.4
41.2,2.4
42.0,2.4
42.4,2.4
45.2,2.4
46.0,2.4
48.0,2.4
48.4,2.4
48.8,2.4
50.0,2.4
50.4,2.4
51.2,2.4
52.0,2.4
52.4,2.4
26.4,2.0
27.2,2.0
27.6,2.0
28.4,2.0
29.2,2.0
29.6,2.0
30.8,2.0
31.2,2.0
31.6,2.0
33.6,2.0
34.4,2.0
37.2,2.0
37.6,2.0
38.4,2.0
38.8,2.0
39.2,2.0
40.0,2.0
41.6,2.0
42.8,2.0
43.2,2.0
43.6,2.0
44.0,2.0
44.4,2.0
44.8,2.0
45.6,2.0
46.4,2.0
46.8,2.0
47.2,2.0
47.6,2.0
49.2,2.0
49.6,2.0
50.8,2.0
51.6,2.0
52.8,2.0
26.4,1.6
26.8,1.6
28.0,1.6
28.8,1.6
30.0,1.6
30.4,1.6
32.0,1.6
32.4,1.6
32.8,1.6
33.2,1.6
34.0,1.6
34.8,1.6
35.2,1.6
35.6,1.6
36.0,1.6
36.4,1.6
36.8,1.6
38.0,1.6
39.6,1.6
40.4,1.6
40.8,1.6
41.2,1.6
42.0,1.6
42.4,1.6
45.2,1.6
46.0,1.6
48.0,1.6
48.4,1.6
48.8,1.6
50.0,1.6
50.4,1.6
51.2,1.6
52.0,1.6
52.4,1.6
26.4,1.2
27.2,1.2
27.6,1.2
28.4,1.2
29.2,1.2
29.6,1.2
30.8,1.2
31.2,1.2
31.6,1.2
33.6,1.2
34.4,1.2
37.2,1.2
37.6,1.2
38.4,1.2
38.8,1.2
39.2,1.2
40.0,1.2
41.6,1.2
42.8,1.2
43.2,1.2
43.6,1.2
44.0,1.2
44.4,1.2
44.8,1.2
45.6,1.2
46.4,1.2
46.8,1.2
47.2,1.2
47.6,1.2
49.2,1.2
49.6,1.2
50.8,1.2
51.6,1.2
52.8,1.2
26.4,0.8
26.8,0.8
28.0,0.8
28.8,0.8
30.0,0.8
30.4,0.8
32.0,0.8
32.4,0.8
32.8,0.8
33.2,0.8
34.0,0.8
34.8,0.8
35.2,0.8
35.6,0.8
36.0,0.8
36.4,0.8
36.8,0.8
38.0,0.8
39.6,0.8
40.4,0.8
40.8,0.8
41.2,0.8
42.0,0.8
42.4,0.8
45.2,0.8
46.0,0.8
48.0,0.8
48.4,0.8
48.8,0.8
50.0,0.8
50.4,0.8
51.2,0.8
52.0,0.8
52.4,0.8
26.4,0.4
26.8,0.4
28.0,0.4
28.8,0.4
30.0,0.4
30.4,0.4
32.0,0.4
32.4,0.4
32.8,0.4
33.2,0.4
34.0,0.4
34.8,0.4
35.2,0.4
35.6,0.4
36.0,0.4
36.4,0.4
36.8,0.4
38.0,0.4
39.6,0.4
40.4,0.4
40.8,0.4
41.2,0.4
42.0,0.4
42.4,0.4
45.2,0.4
46.0,0.4
48.0,0.4
48.4,0.4
48.8,0.4
50.0,0.4
50.4,0.4
51.2,0.4
52.0,0.4
52.4,0.4
26.4,0.0
27.2,0.0
27.6,0.0
28.4,0.0
29.2,0.0
29.6,0.0
30.8,0.0
31.2,0.0
31.6,0.0
33.6,0.0
34.4,0.0
37.2,0.0
37.6,0.0
38.4,0.0
38.8,0.0
39.2,0.0
40.0,0.0
41.6,0.0
42.8,0.0
43.2,0.0
43.6,0.0
44.0,0.0
44.4,0.0
44.8,0.0
45.6,0.0
46.4,0.0
46.8,0.0
47.2,0.0
47.6,0.0
49.2,0.0
49.6,0.0
50.8,0.0
51.6,0.0
52.8,0.0
26.4,52.8
26.8,52.8
28.0,52.8
28.8,52.8
30.0,52.8
30.4,52.8
32.0,52.8
32.4,52.8
32.8,52.8
33.2,52.8
34.0,52.8
34.8,52.8
35.2,52.8
35.6,52.8
36.0,52.8
36.4,52.8
36.8,52.8
38.0,52.8
39.6,52.8
40.4,52.8
40.8,52.8
41.2,52.8
42.0,52.8
42.4,52.8
45.2,52.8
46.0,52.8
48.0,52.8
48.4,52.8
48.8,52.8
50.0,52.8
50.4,52.8
51.2,52.8
52.0,52.8
52.4,52.8
26.4,52.4
27.2,52.4
27.6,52.4
28.4,52.4
29.2,52.4
29.6,52.4
30.8,52.4
31.2,52.4
31.6,52.4
33.6,52.4
34.4,52.4
37.2,52.4
37.6,52.4
38.4,52.4
38.8,52.4
39.2,52.4
40.0,52.4
41.6,52.4
42.8,52.4
43.2,52.4
43.6,52.4
44.0,52.4
44.4,52.4
44.8,52.4
45.6,52.4
46.4,52.4
46.8,52.4
47.2,52.4
47.6,52.4
49.2,52.4
49.6,52.4
50.8,52.4
51.6,52.4
52.8,52.4
26.4,52.0
27.2,52.0
27.6,52.0
28.4,52.0
29.2,52.0
29.6,52.0
30.8,52.0
31.2,52.0
31.6,52.0
33.6,52.0
34.4,52.0
37.2,52.0
37.6,52.0
38.4,52.0
38.8,52.0
39.2,52.0
40.0,52.0
41.6,52.0
42.8,52.0
43.2,52.0
43.6,52.0
44.0,52.0
44.4,52.0
44.8,52.0
45.6,52.0
46.4,52.0
46.8,52.0
47.2,52.0
47.6,52.0
49.2,52.0
49.6,52.0
50.8,52.0
51.6,52.0
52.8,52.0
26.4,51.6
26.8,51.6
28.0,51.6
28.8,51.6
30.0,51.6
30.4,51.6
32.0,51.6
32.4,51.6
32.8,51.6
33.2,51.6
34.0,51.6
34.8,51.6
35.2,51.6
35.6,51.6
36.0,51.6
36.4,51.6
36.8,51.6
38.0,51.6
39.6,51.6
40.4,51.6
40.8,51.6
41.2,51.6
42.0,51.6
42.4,51.6
45.2,51.6
46.0,51.6
48.0,51.6
48.4,51.6
48.8,51.6
50.0,51.6
50.4,51.6
51.2,51.6
52.0,51.6
52.4,51.6
26.4,51.2
27.2,51.2
27.6,51.2
28.4,51.2
29.2,51.2
29.6,51.2
30.8,51.2
31.2,51.2
31.6,51.2
33.6,51.2
34.4,51.2
37.2,51.2
37.6,51.2
38.4,51.2
38.8,51.2
39.2,51.2
40.0,51.2
41.6,51.2
42.8,51.2
43.2,51.2
43.6,51.2
44.0,51.2
44.4,51.2
44.8,51.2
45.6,51.2
46.4,51.2
46.8,51.2
47.2,51.2
47.6,51.2
49.2,51.2
49.6,51.2
50.8,51.2
51.6,51.2
52.8,51.2
26.4,50.8
26.8,50.8
28.0,50.8
28.8,50.8
30.0,50.8
30.4,50.8
32.0,50.8
32.4,50.8
32.8,50.8
33.2,50.8
34.0,50.8
34.8,50.8
35.2,50.8
35.6,50.8
36.0,50.8
36.4,50.8
36.8,50.8
38.0,50.8
39.6,50.8
40.4,50.8
40.8,50.8
41.2,50.8
42.0,50.8
42.4,50.8
45.2,50.8
46.0,50.8
48.0,50.8
48.4,50.8
48.8,50.8
50.0,50.8
50.4,50.8
51.2,50.8
52.0,50.8
52.4,50.8
26.4,50.4
27.2,50.4
27.6,50.4
28.4,50.4
29.2,50.4
29.6,50.4
30.8,50.4
31.2,50.4
31.6,50.4
33.6,50.4
34.4,50.4
37.2,50.4
37.6,50.4
38.4,50.4
38.8,50.4
39.2,50.4
40.0,50.4
41.6,50.4
42.8,50.4
43.2,50.4
43.6,50.4
44.0,50.4
44.4,50.4
44.8,50.4
45.6,50.4
46.4,50.4
46.8,50.4
47.2,50.4
47.6,50.4
49.2,50.4
49.6,50.4
50.8,50.4
51.6,50.4
52.8,50.4
26.4,50.0
27.2,50.0
27.6,50.0
28.4,50.0
29.2,50.0
29.6,50.0
30.8,50.0
31.2,50.0
31.6,50.0
33.6,50.0
34.4,50.0
37.2,50.0
37.6,50.0
38.4,50.0
38.8,50.0
39.2,50.0
40.0,50.0
41.6,50.0
42.8,50.0
43.2,50.0
43.6,50.0
44.0,50.0
44.4,50.0
44.8,50.0
45.6,50.0
46.4,50.0
46.8,50.0
47.2,50.0
47.6,50.0
49.2,50.0
49.6,50.0
50.8,50.0
51.6,50.0
52.8,50.0
26.4,49.6
26.8,49.6
28.0,49.6
28.8,49.6
30.0,49.6
30.4,49.6
32.0,49.6
32.4,49.6
32.8,49.6
33.2,49.6
34.0,49.6
34.8,49.6
35.2,49.6
35.6,49.6
36.0,49.6
36.4,49.6
36.8,49.6
38.0,49.6
39.6,49.6
40.4,49.6
40.8,49.6
41.2,49.6
42.0,49.6
42.4,49.6
45.2,49.6
46.0,49.6
48.0,49.6
48.4,49.6
48.8,49.6
50.0,49.6
50.4,49.6
51.2,49.6
52.0,49.6
52.4,49.6
26.4,49.2
26.8,49.2
28.0,49.2
28.8,49.2
30.0,49.2
30.4,49.2
32.0,49.2
32.4,49.2
32.8,49.2
33.2,49.2
34.0,49.2
34.8,49.2
35.2,49.2
35.6,49.2
36.0,49.2
36.4,49.2
36.8,49.2
38.0,49.2
39.6,49.2
40.4,49.2
40.8,49.2
41.2,49.2
42.0,49.2
42.4,49.2
45.2,49.2
46.0,49.2
48.0,49.2
48.4,49.2
48.8,49.2
50.0,49.2
50.4,49.2
51.2,49.2
52.0,49.2
52.4,49.2
26.4,48.8
27.2,48.8
27.6,48.8
28.4,48.8
29.2,48.8
29.6,48.8
30.8,48.8
31.2,48.8
31.6,48.8
33.6,48.8
34.4,48.8
37.2,48.8
37.6,48.8
38.4,48.8
38.8,48.8
39.2,48.8
40.0,48.8
41.6,48.8
42.8,48.8
43.2,48.8
43.6,48.8
44.0,48.8
44.4,48.8
44.8,48.8
45.6,48.8
46.4,48.8
46.8,48.8
47.2,48.8
47.6,48.8
49.2,48.8
49.6,48.8
50.8,48.8
51.6,48.8
52.8,48.8
26.4,48.4
27.2,48.4
27.6,48.4
28.4,48.4
29.2,48.4
29.6,48.4
30.8,48.4
31.2,48.4
31.6,48.4
33.6,48.4
34.4,48.4
37.2,48.4
37.6,48.4
38.4,48.4
38.8,48.4
39.2,48.4
40.0,48.4
41.6,48.4
42.8,48.4
43.2,48.4
43.6,48.4
44.0,48.4
44.4,48.4
44.8,48.4
45.6,48.4
46.4,48.4
46.8,48.4
47.2,48.4
47.6,48.4
49.2,48.4
49.6,48.4
50.8,48.4
51.6,48.4
52.8,48.4
26.4,48.0
27.2,48.0
27.6,48.0
28.4,48.0
29.2,48.0
29.6,48.0
30.8,48.0
31.2,48.0
31.6,48.0
33.6,48.0
34.4,48.0
37.2,48.0
37.6,48.0
38.4,48.0
38.8,48.0
39.2,48.0
40.0,48.0
41.6,48.0
42.8,48.0
43.2,48.0
43.6,48.0
44.0,48.0
44.4,48.0
44.8,48.0
45.6,48.0
46.4,48.0
46.8,48.0
47.2,48.0
47.6,48.0
49.2,48.0
49.6,48.0
50.8,48.0
51.6,48.0
52.8,48.0
26.4,47.6
26.8,47.6
28.0,47.6
28.8,47.6
30.0,47.6
30.4,47.6
32.0,47.6
32.4,47.6
32.8,47.6
33.2,47.6
34.0,47.6
34.8,47.6
35.2,47.6
35.6,47.6
36.0,47.6
36.4,47.6
36.8,47.6
38.0,47.6
39.6,47.6
40.4,47.6
40.8,47.6
41.2,47.6
42.0,47.6
42.4,47.6
45.2,47.6
46.0,47.6
48.0,47.6
48.4,47.6
48.8,47.6
50.0,47.6
50.4,47.6
51.2,47.6
52.0,47.6
52.4,47.6
26.4,47.2
26.8,47.2
28.0,47.2
28.8,47.2
30.0,47.2
30.4,47.2
32.0,47.2
32.4,47.2
32.8,47.2
33.2,47.2
34.0,47.2
34.8,47.2
35.2,47.2
35.6,47.2
36.0,47.2
36.4,47.2
36.8,47.2
38.0,47.2
39.6,47.2
40.4,47.2
40.8,47.2
41.2,47.2
42.0,47.2
42.4,47.2
45.2,47.2
46.0,47.2
48.0,47.2
48.4,47.2
48.8,47.2
50.0,47.2
50.4,47.2
51.2,47.2
52.0,47.2
52.4,47.2
26.4,46.8
26.8,46.8
28.0,46.8
28.8,46.8
30.0,46.8
30.4,46.8
32.0,46.8
32.4,46.8
32.8,46.8
33.2,46.8
34.0,46.8
34.8,46.8
35.2,46.8
35.6,46.8
36.0,46.8
36.4,46.8
36.8,46.8
38.0,46.8
39.6,46.8
40.4,46.8
40.8,46.8
41.2,46.8
42.0,46.8
42.4,46.8
45.2,46.8
46.0,46.8
48.0,46.8
48.4,46.8
48.8,46.8
50.0,46.8
50.4,46.8
51.2,46.8
52.0,46.8
52.4,46.8
26.4,46.4
26.8,46.4
28.0,46.4
28.8,46.4
30.0,46.4
30.4,46.4
32.0,46.4
32.4,46.4
32.8,46.4
33.2,46.4
34.0,46.4
34.8,46.4
35.2,46.4
35.6,46.4
36.0,46.4
36.4,46.4
36.8,46.4
38.0,46.4
39.6,46.4
40.4,46.4
40.8,46.4
41.2,46.4
42.0,46.4
42.4,46.4
45.2,46.4
46.0,46.4
48.0,46.4
48.4,46.4
48.8,46.4
50.0,46.4
50.4,46.4
51.2,46.4
52.0,46.4
52.4,46.4
26.4,46.0
27.2,46.0
27.6,46.0
28.4,46.0
29.2,46.0
29.6,46.0
30.8,46.0
31.2,46.0
31.6,46.0
33.6,46.0
34.4,46.0
37.2,46.0
37.6,46.0
38.4,46.0
38.8,46.0
39.2,46.0
40.0,46.0
41.6,46.0
42.8,46.0
43.2,46.0
43.6,46.0
44.0,46.0
44.4,46.0
44.8,46.0
45.6,46.0
46.4,46.0
46.8,46.0
47.2,46.0
47.6,46.0
49.2,46.0
49.6,46.0
50.8,46.0
51.6,46.0
52.8,46.0
26.4,45.6
26.8,45.6
28.0,45.6
28.8,45.6
30.0,45.6
30.4,45.6
32.0,45.6
32.4,45.6
32.8,45.6
33.2,45.6
34.0,45.6
34.8,45.6
35.2,45.6
35.6,45.6
36.0,45.6
36.4,45.6
36.8,45.6
38.0,45.6
39.6,45.6
40.4,45.6
40.8,45.6
41.2,45.6
42.0,45.6
42.4,45.6
45.2,45.6
46.0,45.6
48.0,45.6
48.4,45.6
48.8,45.6
50.0,45.6
50.4,45.6
51.2,45.6
52.0,45.6
52.4,45.6
26.4,45.2
27.2,45.2
27.6,45.2
28.4,45.2
29.2,45.2
29.6,45.2
30.8,45.2
31.2,45.2
31.6,45.2
33.6,45.2
34.4,45.2
37.2,45.2
37.6,45.2
38.4,45.2
38.8,45.2
39.2,45.2
40.0,45.2
41.6,45.2
42.8,45.2
43.2,45.2
43.6,45.2
44.0,45.2
44.4,45.2
44.8,45.2
45.6,45.2
46.4,45.2
46.8,45.2
47.2,45.2
47.6,45.2
49.2,45.2
49.6,45.2
50.8,45.2
51.6,45.2
52.8,45.2
26.4,44.8
26.8,44.8
28.0,44.8
28.8,44.8
30.0,44.8
30.4,44.8
32.0,44.8
32.4,44.8
32.8,44.8
33.2,44.8
34.0,44.8
34.8,44.8
35.2,44.8
35.6,44.8
36.0,44.8
36.4,44.8
36.8,44.8
38.0,44.8
39.6,44.8
40.4,44.8
40.8,44.8
41.2,44.8
42.0,44.8
42.4,44.8
45.2,44.8
46.0,44.8
48.0,44.8
48.4,44.8
48.8,44.8
50.0,44.8
50.4,44.8
51.2,44.8
52.0,44.8
52.4,44.8
26.4,44.4
26.8,44.4
28.0,44.4
28.8,44.4
30.0,44.4
30.4,44.4
32.0,44.4
32.4,44.4
32.8,44.4
33.2,44.4
34.0,44.4
34.8,44.4
35.2,44.4
35.6,44.4
36.0,44.4
36.4,44.4
36.8,44.4
38.0,44.4
39.6,44.4
40.4,44.4
40.8,44.4
41.2,44.4
42.0,44.4
42.4,44.4
45.2,44.4
46.0,44.4
48.0,44.4
48.4,44.4
48.8,44.4
50.0,44.4
50.4,44.4
51.2,44.4
52.0,44.4
52.4,44.4
26.4,44.0
26.8,44.0
28.0,44.0
28.8,44.0
30.0,44.0
30.4,44.0
32.0,44.0
32.4,44.0
32.8,44.0
33.2,44.0
34.0,44.0
34.8,44.0
35.2,44.0
35.6,44.0
36.0,44.0
36.4,44.0
36.8,44.0
38.0,44.0
39.6,44.0
40.4,44.0
40.8,44.0
41.2,44.0
42.0,44.0
42.4,44.0
45.2,44.0
46.0,44.0
48.0,44.0
48.4,44.0
48.8,44.0
50.0,44.0
50.4,44.0
51.2,44.0
52.0,44.0
52.4,44.0
26.4,43.6
26.8,43.6
28.0,43.6
28.8,43.6
30.0,43.6
30.4,43.6
32.0,43.6
32.4,43.6
32.8,43.6
33.2,43.6
34.0,43.6
34.8,43.6
35.2,43.6
35.6,43.6
36.0,43.6
36.4,43.6
36.8,43.6
38.0,43.6
39.6,43.6
40.4,43.6
40.8,43.6
41.2,43.6
42.0,43.6
42.4,43.6
45.2,43.6
46.0,43.6
48.0,43.6
48.4,43.6
48.8,43.6
50.0,43.6
50.4,43.6
51.2,43.6
52.0,43.6
52.4,43.6
26.4,43.2
26.8,43.2
28.0,43.2
28.8,43.2
30.0,43.2
30.4,43.2
32.0,43.2
32.4,43.2
32.8,43.2
33.2,43.2
34.0,43.2
34.8,43.2
35.2,43.2
35.6,43.2
36.0,43.2
36.4,43.2
36.8,43.2
38.0,43.2
39.6,43.2
40.4,43.2
40.8,43.2
41.2,43.2
42.0,43.2
42.4,43.2
45.2,43.2
46.0,43.2
48.0,43.2
48.4,43.2
48.8,43.2
50.0,43.2
50.4,43.2
51.2,43.2
52.0,43.2
52.4,43.2
26.4,42.8
26.8,42.8
28.0,42.8
28.8,42.8
30.0,42.8
30.4,42.8
32.0,42.8
32.4,42.8
32.8,42.8
33.2,42.8
34.0,42.8
34.8,42.8
35.2,42.8
35.6,42.8
36.0,42.8
36.4,42.8
36.8,42.8
38.0,42.8
39.6,42.8
40.4,42.8
40.8,42.8
41.2,42.8
42.0,42.8
42.4,42.8
45.2,42.8
46.0,42.8
48.0,42.8
48.4,42.8
48.8,42.8
50.0,42.8
50.4,42.8
51.2,42.8
52.0,42.8
52.4,42.8
26.4,42.4
27.2,42.4
27.6,42.4
28.4,42.4
29.2,42.4
29.6,42.4
30.8,42.4
31.2,42.4
31.6,42.4
33.6,42.4
34.4,42.4
37.2,42.4
37.6,42.4
38.4,42.4
38.8,42.4
39.2,42.4
40.0,42.4
41.6,42.4
42.8,42.4
43.2,42.4
43.6,42.4
44.0,42.4
44.4,42.4
44.8,42.4
45.6,42.4
46.4,42.4
46.8,42.4
47.2,42.4
47.6,42.4
49.2,42.4
49.6,42.4
50.8,42.4
51.6,42.4
52.8,42.4
26.4,42.0
27.2,42.0
27.6,42.0
28.4,42.0
29.2,42.0
29.6,42.0
30.8,42.0
31.2,42.0
31.6,42.0
33.6,42.0
34.4,42.0
37.2,42.0
37.6,42.0
38.4,42.0
38.8,42.0
39.2,42.0
40.0,42.0
41.6,42.0
42.8,42.0
43.2,42.0
43.6,42.0
44.0,42.0
44.4,42.0
44.8,42.0
45.6,42.0
46.4,42.0
46.8,42.0
47.2,42.0
47.6,42.0
49.2,42.0
49.6,42.0
50.8,42.0
51.6,42.0
52.8,42.0
26.4,41.6
26.8,41.6
28.0,41.6
28.8,41.6
30.0,41.6
30.4,41.6
32.0,41.6
32.4,41.6
32.8,41.6
33.2,41.6
34.0,41.6
34.8,41.6
35.2,41.6
35.6,41.6
36.0,41.6
36.4,41.6
36.8,41.6
38.0,41.6
39.6,41.6
40.4,41.6
40.8,41.6
41.2,41.6
42.0,41.6
42.4,41.6
45.2,41.6
46.0,41.6
48.0,41.6
48.4,41.6
48.8,41.6
50.0,41.6
50.4,41.6
51.2,41.6
52.0,41.6
52.4,41.6
26.4,41.2
27.2,41.2
27.6,41.2
28.4,41.2
29.2,41.2
29.6,41.2
30.8,41.2
31.2,41.2
31.6,41.2
33.6,41.2
34.4,41.2
37.2,41.2
37.6,41.2
38.4,41.2
38.8,41.2
39.2,41.2
40.0,41.2
41.6,41.2
42.8,41.2
43.2,41.2
43.6,41.2
44.0,41.2
44.4,41.2
44.8,41.2
45.6,41.2
46.4,41.2
46.8,41.2
47.2,41.2
47.6,41.2
49.2,41.2
49.6,41.2
50.8,41.2
51.6,41.2
52.8,41.2
26.4,40.8
27.2,40.8
27.6,40.8
28.4,40.8
29.2,40.8
29.6,40.8
30.8,40.8
31.2,40.8
31.6,40.8
33.6,40.8
34.4,40.8
37.2,40.8
37.6,40.8
38.4,40.8
38.8,40.8
39.2,40.8
40.0,40.8
41.6,40.8
42.8,40.8
43.2,40.8
43.6,40.8
44.0,40.8
44.4,40.8
44.8,40.8
45.6,40.8
46.4,40.8
46.8,40.8
47.2,40.8
47.6,40.8
49.2,40.8
49.6,40.8
50.8,40.8
51.6,40.8
52.8,40.8
26.4,40.4
27.2,40.4
27.6,40.4
28.4,40.4
29.2,40.4
29.6,40.4
30.8,40.4
31.2,40.4
31.6,40.4
33.6,40.4
34.4,40.4
37.2,40.4
37.6,40.4
38.4,40.4
38.8,40.4
39.2,40.4
40.0,40.4
41.6,40.4
42.8,40.4
43.2,40.4
43.6,40.4
44.0,40.4
44.4,40.4
44.8,40.4
45.6,40.4
46.4,40.4
46.8,40.4
47.2,40.4
47.6,40.4
49.2,40.4
49.6,40.4
50.8,40.4
51.6,40.4
52.8,40.4
26.4,40.0
26.8,40.0
28.0,40.0
28.8,40.0
30.0,40.0
30.4,40.0
32.0,40.0
32.4,40.0
32.8,40.0
33.2,40.0
34.0,40.0
34.8,40.0
35.2,40.0
35.6,40.0
36.0,40.0
36.4,40.0
36.8,40.0
38.0,40.0
39.6,40.0
40.4,40.0
40.8,40.0
41.2,40.0
42.0,40.0
42.4,40.0
45.2,40.0
46.0,40.0
48.0,40.0
48.4,40.0
48.8,40.0
50.0,40.0
50.4,40.0
51.2,40.0
52.0,40.0
52.4,40.0
26.4,39.6
27.2,39.6
27.6,39.6
28.4,39.6
29.2,39.6
29.6,39.6
30.8,39.6
31.2,39.6
31.6,39.6
33.6,39.6
34.4,39.6
37.2,39.6
37.6,39.6
38.4,39.6
38.8,39.6
39.2,39.6
40.0,39.6
41.6,39.6
42.8,39.6
43.2,39.6
43.6,39.6
44.0,39.6
44.4,39.6
44.8,39.6
45.6,39.6
46.4,39.6
46.8,39.6
47.2,39.6
47.6,39.6
49.2,39.6
49.6,39.6
50.8,39.6
51.6,39.6
52.8,39.6
26.4,39.2
26.8,39.2
28.0,39.2
28.8,39.2
30.0,39.2
30.4,39.2
32.0,39.2
32.4,39.2
32.8,39.2
33.2,39.2
34.0,39.2
34.8,39.2
35.2,39.2
35.6,39.2
36.0,39.2
36.4,39.2
36.8,39.2
38.0,39.2
39.6,39.2
40.4,39.2
40.8,39.2
41.2,39.2
42.0,39.2
42.4,39.2
45.2,39.2
46.0,39.2
48.0,39.2
48.4,39.2
48.8,39.2
50.0,39.2
50.4,39.2
51.2,39.2
52.0,39.2
52.4,39.2
26.4,38.8
26.8,38.8
28.0,38.8
28.8,38.8
30.0,38.8
30.4,38.8
32.0,38.8
32.4,38.8
32.8,38.8
33.2,38.8
34.0,38.8
34.8,38.8
35.2,38.8
35.6,38.8
36.0,38.8
36.4,38.8
36.8,38.8
38.0,38.8
39.6,38.8
40.4,38.8
40.8,38.8
41.2,38.8
42.0,38.8
42.4,38.8
45.2,38.8
46.0,38.8
48.0,38.8
48.4,38.8
48.8,38.8
50.0,38.8
50.4,38.8
51.2,38.8
52.0,38.8
52.4,38.8
26.4,38.4
26.8,38.4
28.0,38.4
28.8,38.4
30.0,38.4
30.4,38.4
32.0,38.4
32.4,38.4
32.8,38.4
33.2,38.4
34.0,38.4
34.8,38.4
35.2,38.4
35.6,38.4
36.0,38.4
36.4,38.4
36.8,38.4
38.0,38.4
39.6,38.4
40.4,38.4
40.8,38.4
41.2,38.4
42.0,38.4
42.4,38.4
45.2,38.4
46.0,38.4
48.0,38.4
48.4,38.4
48.8,38.4
50.0,38.4
50.4,38.4
51.2,38.4
52.0,38.4
52.4,38.4
26.4,38.0
27.2,38.0
27.6,38.0
28.4,38.0
29.2,38.0
29.6,38.0
30.8,38.0
31.2,38.0
31.6,38.0
33.6,38.0
34.4,38.0
37.2,38.0
37.6,38.0
38.4,38.0
38.8,38.0
39.2,38.0
40.0,38.0
41.6,38.0
42.8,38.0
43.2,38.0
43.6,38.0
44.0,38.0
44.4,38.0
44.8,38.0
45.6,38.0
46.4,38.0
46.8,38.0
47.2,38.0
47.6,38.0
49.2,38.0
49.6,38.0
50.8,38.0
51.6,38.0
52.8,38.0
26.4,37.6
26.8,37.6
28.0,37.6
28.8,37.6
30.0,37.6
30.4,37.6
32.0,37.6
32.4,37.6
32.8,37.6
33.2,37.6
34.0,37.6
34.8,37.6
35.2,37.6
35.6,37.6
36.0,37.6
36.4,37.6
36.8,37.6
38.0,37.6
39.6,37.6
40.4,37.6
40.8,37.6
41.2,37.6
42.0,37.6
42.4,37.6
45.2,37.6
46.0,37.6
48.0,37.6
48.4,37.6
48.8,37.6
50.0,37.6
50.4,37.6
51.2,37.6
52.0,37.6
52.4,37.6
26.4,37.2
26.8,37.2
28.0,37.2
28.8,37.2
30.0,37.2
30.4,37.2
32.0,37.2
32.4,37.2
32.8,37.2
33.2,37.2
34.0,37.2
34.8,37.2
35.2,37.2
35.6,37.2
36.0,37.2
36.4,37.2
36.8,37.2
38.0,37.2
39.6,37.2
40.4,37.2
40.8,37.2
41.2,37.2
42.0,37.2
42.4,37.2
45.2,37.2
46.0,37.2
48.0,37.2
48.4,37.2
48.8,37.2
50.0,37.2
50.4,37.2
51.2,37.2
52.0,37.2
52.4,37.2
26.4,36.8
27.2,36.8
27.6,36.8
28.4,36.8
29.2,36.8
29.6,36.8
30.8,36.8
31.2,36.8
31.6,36.8
33.6,36.8
34.4,36.8
37.2,36.8
37.6,36.8
38.4,36.8
38.8,36.8
39.2,36.8
40.0,36.8
41.6,36.8
42.8,36.8
43.2,36.8
43.6,36.8
44.0,36.8
44.4,36.8
44.8,36.8
45.6,36.8
46.4,36.8
46.8,36.8
47.2,36.8
47.6,36.8
49.2,36.8
49.6,36.8
50.8,36.8
51.6,36.8
52.8,36.8
26.4,36.4
27.2,36.4
27.6,36.4
28.4,36.4
29.2,36.4
29.6,36.4
30.8,36.4
31.2,36.4
31.6,36.4
33.6,36.4
34.4,36.4
37.2,36.4
37.6,36.4
38.4,36.4
38.8,36.4
39.2,36.4
40.0,36.4
41.6,36.4
42.8,36.4
43.2,36.4
43.6,36.4
44.0,36.4
44.4,36.4
44.8,36.4
45.6,36.4
46.4,36.4
46.8,36.4
47.2,36.4
47.6,36.4
49.2,36.4
49.6,36.4
50.8,36.4
51.6,36.4
52.8,36.4
26.4,36.0
27.2,36.0
27.6,36.0
28.4,36.0
29.2,36.0
29.6,36.0
30.8,36.0
31.2,36.0
31.6,36.0
33.6,36.0
34.4,36.0
37.2,36.0
37.6,36.0
38.4,36.0
38.8,36.0
39.2,36.0
40.0,36.0
41.6,36.0
42.8,36.0
43.2,36.0
43.6,36.0
44.0,36.0
44.4,36.0
44.8,36.0
45.6,36.0
46.4,36.0
46.8,36.0
47.2,36.0
47.6,36.0
49.2,36.0
49.6,36.0
50.8,36.0
51.6,36.0
52.8,36.0
26.4,35.6
27.2,35.6
27.6,35.6
28.4,35.6
29.2,35.6
29.6,35.6
30.8,35.6
31.2,35.6
31.6,35.6
33.6,35.6
34.4,35.6
37.2,35.6
37.6,35.6
38.4,35.6
38.8,35.6
39.2,35.6
40.0,35.6
41.6,35.6
42.8,35.6
43.2,35.6
43.6,35.6
44.0,35.6
44.4,35.6
44.8,35.6
45.6,35.6
46.4,35.6
46.8,35.6
47.2,35.6
47.6,35.6
49.2,35.6
49.6,35.6
50.8,35.6
51.6,35.6
52.8,35.6
26.4,35.2
27.2,35.2
27.6,35.2
28.4,35.2
29.2,35.2
29.6,35.2
30.8,35.2
31.2,35.2
31.6,35.2
33.6,35.2
34.4,35.2
37.2,35.2
37.6,35.2
38.4,35.2
38.8,35.2
39.2,35.2
40.0,35.2
41.6,35.2
42.8,35.2
43.2,35.2
43.6,35.2
44.0,35.2
44.4,35.2
44.8,35.2
45.6,35.2
46.4,35.2
46.8,35.2
47.2,35.2
47.6,35.2
49.2,35.2
49.6,35.2
50.8,35.2
51.6,35.2
52.8,35.2
26.4,34.8
27.2,34.8
27.6,34.8
28.4,34.8
29.2,34.8
29.6,34.8
30.8,34.8
31.2,34.8
31.6,34.8
33.6,34.8
34.4,34.8
37.2,34.8
37.6,34.8
38.4,34.8
38.8,34.8
39.2,34.8
40.0,34.8
41.6,34.8
42.8,34.8
43.2,34.8
43.6,34.8
44.0,34.8
44.4,34.8
44.8,34.8
45.6,34.8
46.4,34.8
46.8,34.8
47.2,34.8
47.6,34.8
49.2,34.8
49.6,34.8
50.8,34.8
51.6,34.8
52.8,34.8
26.4,34.4
26.8,34.4
28.0,34.4
28.8,34.4
30.0,34.4
30.4,34.4
32.0,34.4
32.4,34.4
32.8,34.4
33.2,34.4
34.0,34.4
34.8,34.4
35.2,34.4
35.6,34.4
36.0,34.4
36.4,34.4
36.8,34.4
38.0,34.4
39.6,34.4
40.4,34.4
40.8,34.4
41.2,34.4
42.0,34.4
42.4,34.4
45.2,34.4
46.0,34.4
48.0,34.4
48.4,34.4
48.8,34.4
50.0,34.4
50.4,34.4
51.2,34.4
52.0,34.4
52.4,34.4
26.4,34.0
27.2,34.0
27.6,34.0
28.4,34.0
29.2,34.0
29.6,34.0
30.8,34.0
31.2,34.0
31.6,34.0
33.6,34.0
34.4,34.0
37.2,34.0
37.6,34.0
38.4,34.0
38.8,34.0
39.2,34.0
40.0,34.0
41.6,34.0
42.8,34.0
43.2,34.0
43.6,34.0
44.0,34.0
44.4,34.0
44.8,34.0
45.6,34.0
46.4,34.0
46.8,34.0
47.2,34.0
47.6,34.0
49.2,34.0
49.6,34.0
50.8,34.0
51.6,34.0
52.8,34.0
26.4,33.6
26.8,33.6
28.0,33.6
28.8,33.6
30.0,33.6
30.4,33.6
32.0,33.6
32.4,33.6
32.8,33.6
33.2,33.6
34.0,33.6
34.8,33.6
35.2,33.6
35.6,33.6
36.0,33.6
36.4,33.6
36.8,33.6
38.0,33.6
39.6,33.6
40.4,33.6
40.8,33.6
41.2,33.6
42.0,33.6
42.4,33.6
45.2,33.6
46.0,33.6
48.0,33.6
48.4,33.6
48.8,33.6
50.0,33.6
50.4,33.6
51.2,33.6
52.0,33.6
52.4,33.6
26.4,33.2
27.2,33.2
27.6,33.2
28.4,33.2
29.2,33.2
29.6,33.2
30.8,33.2
31.2,33.2
31.6,33.2
33.6,33.2
34.4,33.2
37.2,33.2
37.6,33.2
38.4,33.2
38.8,33.2
39.2,33.2
40.0,33.2
41.6,33.2
42.8,33.2
43.2,33.2
43.6,33.2
44.0,33.2
44.4,33.2
44.8,33.2
45.6,33.2
46.4,33.2
46.8,33.2
47.2,33.2
47.6,33.2
49.2,33.2
49.6,33.2
50.8,33.2
51.6,33.2
52.8,33.2
26.4,32.8
27.2,32.8
27.6,32.8
28.4,32.8
29.2,32.8
29.6,32.8
30.8,32.8
31.2,32.8
31.6,32.8
33.6,32.8
34.4,32.8
37.2,32.8
37.6,32.8
38.4,32.8
38.8,32.8
39.2,32.8
40.0,32.8
41.6,32.8
42.8,32.8
43.2,32.8
43.6,32.8
44.0,32.8
44.4,32.8
44.8,32.8
45.6,32.8
46.4,32.8
46.8,32.8
47.2,32.8
47.6,32.8
49.2,32.8
49.6,32.8
50.8,32.8
51.6,32.8
52.8,32.8
26.4,32.4
27.2,32.4
27.6,32.4
28.4,32.4
29.2,32.4
29.6,32.4
30.8,32.4
31.2,32.4
31.6,32.4
33.6,32.4
34.4,32.4
37.2,32.4
37.6,32.4
38.4,32.4
38.8,32.4
39.2,32.4
40.0,32.4
41.6,32.4
42.8,32.4
43.2,32.4
43.6,32.4
44.0,32.4
44.4,32.4
44.8,32.4
45.6,32.4
46.4,32.4
46.8,32.4
47.2,32.4
47.6,32.4
49.2,32.4
49.6,32.4
50.8,32.4
51.6,32.4
52.8,32.4
26.4,32.0
27.2,32.0
27.6,32.0
28.4,32.0
29.2,32.0
29.6,32.0
30.8,32.0
31.2,32.0
31.6,32.0
33.6,32.0
34.4,32.0
37.2,32.0
37.6,32.0
38.4,32.0
38.8,32.0
39.2,32.0
40.0,32.0
41.6,32.0
42.8,32.0
43.2,32.0
43.6,32.0
44.0,32.0
44.4,32.0
44.8,32.0
45.6,32.0
46.4,32.0
46.8,32.0
47.2,32.0
47.6,32.0
49.2,32.0
49.6,32.0
50.8,32.0
51.6,32.0
52.8,32.0
26.4,31.6
26.8,31.6
28.0,31.6
28.8,31.6
30.0,31.6
30.4,31.6
32.0,31.6
32.4,31.6
32.8,31.6
33.2,31.6
34.0,31.6
34.8,31.6
35.2,31.6
35.6,31.6
36.0,31.6
36.4,31.6
36.8,31.6
38.0,31.6
39.6,31.6
40.4,31.6
40.8,31.6
41.2,31.6
42.0,31.6
42.4,31.6
45.2,31.6
46.0,31.6
48.0,31.6
48.4,31.6
48.8,31.6
50.0,31.6
50.4,31.6
51.2,31.6
52.0,31.6
52.4,31.6
26.4,31.2
26.8,31.2
28.0,31.2
28.8,31.2
30.0,31.2
30.4,31.2
32.0,31.2
32.4,31.2
32.8,31.2
33.2,31.2
34.0,31.2
34.8,31.2
35.2,31.2
35.6,31.2
36.0,31.2
36.4,31.2
36.8,31.2
38.0,31.2
39.6,31.2
40.4,31.2
40.8,31.2
41.2,31.2
42.0,31.2
42.4,31.2
45.2,31.2
46.0,31.2
48.0,31.2
48.4,31.2
48.8,31.2
50.0,31.2
50.4,31.2
51.2,31.2
52.0,31.2
52.4,31.2
26.4,30.8
26.8,30.8
28.0,30.8
28.8,30.8
30.0,30.8
30.4,30.8
32.0,30.8
32.4,30.8
32.8,30.8
33.2,30.8
34.0,30.8
34.8,30.8
35.2,30.8
35.6,30.8
36.0,30.8
36.4,30.8
36.8,30.8
38.0,30.8
39.6,30.8
40.4,30.8
40.8,30.8
41.2,30.8
42.0,30.8
42.4,30.8
45.2,30.8
46.0,30.8
48.0,30.8
48.4,30.8
48.8,30.8
50.0,30.8
50.4,30.8
51.2,30.8
52.0,30.8
52.4,30.8
26.4,30.4
27.2,30.4
27.6,30.4
28.4,30.4
29.2,30.4
29.6,30.4
30.8,30.4
31.2,30.4
31.6,30.4
33.6,30.4
34.4,30.4
37.2,30.4
37.6,30.4
38.4,30.4
38.8,30.4
39.2,30.4
40.0,30.4
41.6,30.4
42.8,30.4
43.2,30.4
43.6,30.4
44.0,30.4
44.4,30.4
44.8,30.4
45.6,30.4
46.4,30.4
46.8,30.4
47.2,30.4
47.6,30.4
49.2,30.4
49.6,30.4
50.8,30.4
51.6,30.4
52.8,30.4
26.4,30.0
27.2,30.0
27.6,30.0
28.4,30.0
29.2,30.0
29.6,30.0
30.8,30.0
31.2,30.0
31.6,30.0
33.6,30.0
34.4,30.0
37.2,30.0
37.6,30.0
38.4,30.0
38.8,30.0
39.2,30.0
40.0,30.0
41.6,30.0
42.8,30.0
43.2,30.0
43.6,30.0
44.0,30.0
44.4,30.0
44.8,30.0
45.6,30.0
46.4,30.0
46.8,30.0
47.2,30.0
47.6,30.0
49.2,30.0
49.6,30.0
50.8,30.0
51.6,30.0
52.8,30.0
26.4,29.6
26.8,29.6
28.0,29.6
28.8,29.6
30.0,29.6
30.4,29.6
32.0,29.6
32.4,29.6
32.8,29.6
33.2,29.6
34.0,29.6
34.8,29.6
35.2,29.6
35.6,29.6
36.0,29.6
36.4,29.6
36.8,29.6
38.0,29.6
39.6,29.6
40.4,29.6
40.8,29.6
41.2,29.6
42.0,29.6
42.4,29.6
45.2,29.6
46.0,29.6
48.0,29.6
48.4,29.6
48.8,29.6
50.0,29.6
50.4,29.6
51.2,29.6
52.0,29.6
52.4,29.6
26.4,29.2
26.8,29.2
28.0,29.2
28.8,29.2
30.0,29.2
30.4,29.2
32.0,29.2
32.4,29.2
32.8,29.2
33.2,29.2
34.0,29.2
34.8,29.2
35.2,29.2
35.6,29.2
36.0,29.2
36.4,29.2
36.8,29.2
38.0,29.2
39.6,29.2
40.4,29.2
40.8,29.2
41.2,29.2
42.0,29.2
42.4,29.2
45.2,29.2
46.0,29.2
48.0,29.2
48.4,29.2
48.8,29.2
50.0,29.2
50.4,29.2
51.2,29.2
52.0,29.2
52.4,29.2
26.4,28.8
27.2,28.8
27.6,28.8
28.4,28.8
29.2,28.8
29.6,28.8
30.8,28.8
31.2,28.8
31.6,28.8
33.6,28.8
34.4,28.8
37.2,28.8
37.6,28.8
38.4,28.8
38.8,28.8
39.2,28.8
40.0,28.8
41.6,28.8
42.8,28.8
43.2,28.8
43.6,28.8
44.0,28.8
44.4,28.8
44.8,28.8
45.6,28.8
46.4,28.8
46.8,28.8
47.2,28.8
47.6,28.8
49.2,28.8
49.6,28.8
50.8,28.8
51.6,28.8
52.8,28.8
26.4,28.4
26.8,28.4
28.0,28.4
28.8,28.4
30.0,28.4
30.4,28.4
32.0,28.4
32.4,28.4
32.8,28.4
33.2,28.4
34.0,28.4
34.8,28.4
35.2,28.4
35.6,28.4
36.0,28.4
36.4,28.4
36.8,28.4
38.0,28.4
39.6,28.4
40.4,28.4
40.8,28.4
41.2,28.4
42.0,28.4
42.4,28.4
45.2,28.4
46.0,28.4
48.0,28.4
48.4,28.4
48.8,28.4
50.0,28.4
50.4,28.4
51.2,28.4
52.0,28.4
52.4,28.4
26.4,28.0
27.2,28.0
27.6,28.0
28.4,28.0
29.2,28.0
29.6,28.0
30.8,28.0
31.2,28.0
31.6,28.0
33.6,28.0
34.4,28.0
37.2,28.0
37.6,28.0
38.4,28.0
38.8,28.0
39.2,28.0
40.0,28.0
41.6,28.0
42.8,28.0
43.2,28.0
43.6,28.0
44.0,28.0
44.4,28.0
44.8,28.0
45.6,28.0
46.4,28.0
46.8,28.0
47.2,28.0
47.6,28.0
49.2,28.0
49.6,28.0
50.8,28.0
51.6,28.0
52.8,28.0
26.4,27.6
26.8,27.6
28.0,27.6
28.8,27.6
30.0,27.6
30.4,27.6
32.0,27.6
32.4,27.6
32.8,27.6
33.2,27.6
34.0,27.6
34.8,27.6
35.2,27.6
35.6,27.6
36.0,27.6
36.4,27.6
36.8,27.6
38.0,27.6
39.6,27.6
40.4,27.6
40.8,27.6
41.2,27.6
42.0,27.6
42.4,27.6
45.2,27.6
46.0,27.6
48.0,27.6
48.4,27.6
48.8,27.6
50.0,27.6
50.4,27.6
51.2,27.6
52.0,27.6
52.4,27.6
26.4,27.2
26.8,27.2
28.0,27.2
28.8,27.2
30.0,27.2
30.4,27.2
32.0,27.2
32.4,27.2
32.8,27.2
33.2,27.2
34.0,27.2
34.8,27.2
35.2,27.2
35.6,27.2
36.0,27.2
36.4,27.2
36.8,27.2
38.0,27.2
39.6,27.2
40.4,27.2
40.8,27.2
41.2,27.2
42.0,27.2
42.4,27.2
45.2,27.2
46.0,27.2
48.0,27.2
48.4,27.2
48.8,27.2
50.0,27.2
50.4,27.2
51.2,27.2
52.0,27.2
52.4,27.2
26.4,26.8
27.2,26.8
27.6,26.8
28.4,26.8
29.2,26.8
29.6,26.8
30.8,26.8
31.2,26.8
31.6,26.8
33.6,26.8
34.4,26.8
37.2,26.8
37.6,26.8
38.4,26.8
38.8,26.8
39.2,26.8
40.0,26.8
41.6,26.8
42.8,26.8
43.2,26.8
43.6,26.8
44.0,26.8
44.4,26.8
44.8,26.8
45.6,26.8
46.4,26.8
46.8,26.8
47.2,26.8
47.6,26.8
49.2,26.8
49.6,26.8
50.8,26.8
51.6,26.8
52.8,26.8
0.0,26.0
1.2,26.0
2.0,26.0
3.2,26.0
3.6,26.0
5.2,26.0
5.6,26.0
6.0,26.0
6.4,26.0
7.2,26.0
8.0,26.0
8.4,26.0
8.8,26.0
9.2,26.0
9.6,26.0
10.0,26.0
11.2,26.0
12.8,26.0
13.6,26.0
14.0,26.0
14.4,26.0
15.2,26.0
15.6,26.0
18.4,26.0
19.2,26.0
21.2,26.0
21.6,26.0
22.0,26.0
23.2,26.0
23.6,26.0
24.4,26.0
25.2,26.0
25.6,26.0
0.4,25.6
0.8,25.6
1.6,25.6
2.4,25.6
2.8,25.6
4.0,25.6
4.4,25.6
4.8,25.6
6.8,25.6
7.6,25.6
10.4,25.6
10.8,25.6
11.6,25.6
12.0,25.6
12.4,25.6
13.2,25.6
14.8,25.6
16.0,25.6
16.4,25.6
16.8,25.6
17.2,25.6
17.6,25.6
18.0,25.6
18.8,25.6
19.6,25.6
20.0,25.6
20.4,25.6
20.8,25.6
22.4,25.6
22.8,25.6
24.0,25.6
24.8,25.6
26.0,25.6
0.4,25.2
0.8,25.2
1.6,25.2
2.4,25.2
2.8,25.2
4.0,25.2
4.4,25.2
4.8,25.2
6.8,25.2
7.6,25.2
10.4,25.2
10.8,25.2
11.6,25.2
12.0,25.2
12.4,25.2
13.2,25.2
14.8,25.2
16.0,25.2
16.4,25.2
16.8,25.2
17.2,25.2
17.6,25.2
18.0,25.2
18.8,25.2
19.6,25.2
20.0,25.2
20.4,25.2
20.8,25.2
22.4,25.2
22.8,25.2
24.0,25.2
24.8,25.2
26.0,25.2
0.0,24.8
1.2,24.8
2.0,24.8
3.2,24.8
3.6,24.8
5.2,24.8
5.6,24.8
6.0,24.8
6.4,24.8
7.2,24.8
8.0,24.8
8.4,24.8
8.8,24.8
9.2,24.8
9.6,24.8
10.0,24.8
11.2,24.8
12.8,24.8
13.6,24.8
14.0,24.8
14.4,24.8
15.2,24.8
15.6,24.8
18.4,24.8
19.2,24.8
21.2,24.8
21.6,24.8
22.0,24.8
23.2,24.8
23.6,24.8
24.4,24.8
25.2,24.8
25.6,24.8
0.4,24.4
0.8,24.4
1.6,24.4
2.4,24.4
2.8,24.4
4.0,24.4
4.4,24.4
4.8,24.4
6.8,24.4
7.6,24.4
10.4,24.4
10.8,24.4
11.6,24.4
12.0,24.4
12.4,24.4
13.2,24.4
14.8,24.4
16.0,24.4
16.4,24.4
16.8,24.4
17.2,24.4
17.6,24.4
18.0,24.4
18.8,24.4
19.6,24.4
20.0,24.4
20.4,24.4
20.8,24.4
22.4,24.4
22.8,24.4
24.0,24.4
24.8,24.4
26.0,24.4
0.0,24.0
1.2,24.0
2.0,24.0
3.2,24.0
3.6,24.0
5.2,24.0
5.6,24.0
6.0,24.0
6.4,24.0
7.2,24.0
8.0,24.0
8.4,24.0
8.8,24.0
9.2,24.0
9.6,24.0
10.0,24.0
11.2,24.0
12.8,24.0
13.6,24.0
14.0,24.0
14.4,24.0
15.2,24.0
15.6,24.0
18.4,24.0
19.2,24.0
21.2,24.0
21.6,24.0
22.0,24.0
23.2,24.0
23.6,24.0
24.4,24.0
25.2,24.0
25.6,24.0
0.4,23.6
0.8,23.6
1.6,23.6
2.4,23.6
2.8,23.6
4.0,23.6
4.4,23.6
4.8,23.6
6.8,23.6
7.6,23.6
10.4,23.6
10.8,23.6
11.6,23.6
12.0,23.6
12.4,23.6
13.2,23.6
14.8,23.6
16.0,23.6
16.4,23.6
16.8,23.6
17.2,23.6
17.6,23.6
18.0,23.6
18.8,23.6
19.6,23.6
20.0,23.6
20.4,23.6
20.8,23.6
22.4,23.6
22.8,23.6
24.0,23.6
24.8,23.6
26.0,23.6
0.4,23.2
0.8,23.2
1.6,23.2
2.4,23.2
2.8,23.2
4.0,23.2
4.4,23.2
4.8,23.2
6.8,23.2
7.6,23.2
10.4,23.2
10.8,23.2
11.6,23.2
12.0,23.2
12.4,23.2
13.2,23.2
14.8,23.2
16.0,23.2
16.4,23.2
16.8,23.2
17.2,23.2
17.6,23.2
18.0,23.2
18.8,23.2
19.6,23.2
20.0,23.2
20.4,23.2
20.8,23.2
22.4,23.2
22.8,23.2
24.0,23.2
24.8,23.2
26.0,23.2
0.0,22.8
1.2,22.8
2.0,22.8
3.2,22.8
3.6,22.8
5.2,22.8
5.6,22.8
6.0,22.8
6.4,22.8
7.2,22.8
8.0,22.8
8.4,22.8
8.8,22.8
9.2,22.8
9.6,22.8
10.0,22.8
11.2,22.8
12.8,22.8
13.6,22.8
14.0,22.8
14.4,22.8
15.2,22.8
15.6,22.8
18.4,22.8
19.2,22.8
21.2,22.8
21.6,22.8
22.0,22.8
23.2,22.8
23.6,22.8
24.4,22.8
25.2,22.8
25.6,22.8
0.0,22.4
1.2,22.4
2.0,22.4
3.2,22.4
3.6,22.4
5.2,22.4
5.6,22.4
6.0,22.4
6.4,22.4
7.2,22.4
8.0,22.4
8.4,22.4
8.8,22.4
9.2,22.4
9.6,22.4
10.0,22.4
11.2,22.4
12.8,22.4
13.6,22.4
14.0,22.4
14.4,22.4
15.2,22.4
15.6,22.4
18.4,22.4
19.2,22.4
21.2,22.4
21.6,22.4
22.0,22.4
23.2,22.4
23.6,22.4
24.4,22.4
25.2,22.4
25.6,22.4
0.4,22.0
0.8,22.0
1.6,22.0
2.4,22.0
2.8,22.0
4.0,22.0
4.4,22.0
4.8,22.0
6.8,22.0
7.6,22.0
10.4,22.0
10.8,22.0
11.6,22.0
12.0,22.0
12.4,22.0
13.2,22.0
14.8,22.0
16.0,22.0
16.4,22.0
16.8,22.0
17.2,22.0
17.6,22.0
18.0,22.0
18.8,22.0
19.6,22.0
20.0,22.0
20.4,22.0
20.8,22.0
22.4,22.0
22.8,22.0
24.0,22.0
24.8,22.0
26.0,22.0
0.4,21.6
0.8,21.6
1.6,21.6
2.4,21.6
2.8,21.6
4.0,21.6
4.4,21.6
4.8,21.6
6.8,21.6
7.6,21.6
10.4,21.6
10.8,21.6
11.6,21.6
12.0,21.6
12.4,21.6
13.2,21.6
14.8,21.6
16.0,21.6
16.4,21.6
16.8,21.6
17.2,21.6
17.6,21.6
18.0,21.6
18.8,21.6
19.6,21.6
20.0,21.6
20.4,21.6
20.8,21.6
22.4,21.6
22.8,21.6
24.0,21.6
24.8,21.6
26.0,21.6
0.4,21.2
0.8,21.2
1.6,21.2
2.4,21.2
2.8,21.2
4.0,21.2
4.4,21.2
4.8,21.2
6.8,21.2
7.6,21.2
10.4,21.2
10.8,21.2
11.6,21.2
12.0,21.2
12.4,21.2
13.2,21.2
14.8,21.2
16.0,21.2
16.4,21.2
16.8,21.2
17.2,21.2
17.6,21.2
18.0,21.2
18.8,21.2
19.6,21.2
20.0,21.2
20.4,21.2
20.8,21.2
22.4,21.2
22.8,21.2
24.0,21.2
24.8,21.2
26.0,21.2
0.0,20.8
1.2,20.8
2.0,20.8
3.2,20.8
3.6,20.8
5.2,20.8
5.6,20.8
6.0,20.8
6.4,20.8
7.2,20.8
8.0,20.8
8.4,20.8
8.8,20.8
9.2,20.8
9.6,20.8
10.0,20.8
11.2,20.8
12.8,20.8
13.6,20.8
14.0,20.8
14.4,20.8
15.2,20.8
15.6,20.8
18.4,20.8
19.2,20.8
21.2,20.8
21.6,20.8
22.0,20.8
23.2,20.8
23.6,20.8
24.4,20.8
25.2,20.8
25.6,20.8
0.0,20.4
1.2,20.4
2.0,20.4
3.2,20.4
3.6,20.4
5.2,20.4
5.6,20.4
6.0,20.4
6.4,20.4
7.2,20.4
8.0,20.4
8.4,20.4
8.8,20.4
9.2,20.4
9.6,20.4
10.0,20.4
11.2,20.4
12.8,20.4
13.6,20.4
14.0,20.4
14.4,20.4
15.2,20.4
15.6,20.4
18.4,20.4
19.2,20.4
21.2,20.4
21.6,20.4
22.0,20.4
23.2,20.4
23.6,20.4
24.4,20.4
25.2,20.4
25.6,20.4
0.0,20.0
1.2,20.0
2.0,20.0
3.2,20.0
3.6,20.0
5.2,20.0
5.6,20.0
6.0,20.0
6.4,20.0
7.2,20.0
8.0,20.0
8.4,20.0
8.8,20.0
9.2,20.0
9.6,20.0
10.0,20.0
11.2,20.0
12.8,20.0
13.6,20.0
14.0,20.0
14.4,20.0
15.2,20.0
15.6,20.0
18.4,20.0
19.2,20.0
21.2,20.0
21.6,20.0
22.0,20.0
23.2,20.0
23.6,20.0
24.4,20.0
25.2,20.0
25.6,20.0
0.0,19.6
1.2,19.6
2.0,19.6
3.2,19.6
3.6,19.6
5.2,19.6
5.6,19.6
6.0,19.6
6.4,19.6
7.2,19.6
8.0,19.6
8.4,19.6
8.8,19.6
9.2,19.6
9.6,19.6
10.0,19.6
11.2,19.6
12.8,19.6
13.6,19.6
14.0,19.6
14.4,19.6
15.2,19.6
15.6,19.6
18.4,19.6
19.2,19.6
21.2,19.6
21.6,19.6
22.0,19.6
23.2,19.6
23.6,19.6
24.4,19.6
25.2,19.6
25.6,19.6
0.4,19.2
0.8,19.2
1.6,19.2
2.4,19.2
2.8,19.2
4.0,19.2
4.4,19.2
4.8,19.2
6.8,19.2
7.6,19.2
10.4,19.2
10.8,19.2
11.6,19.2
12.0,19.2
12.4,19.2
13.2,19.2
14.8,19.2
16.0,19.2
16.4,19.2
16.8,19.2
17.2,19.2
17.6,19.2
18.0,19.2
18.8,19.2
19.6,19.2
20.0,19.2
20.4,19.2
20.8,19.2
22.4,19.2
22.8,19.2
24.0,19.2
24.8,19.2
26.0,19.2
0.0,18.8
1.2,18.8
2.0,18.8
3.2,18.8
3.6,18.8
5.2,18.8
5.6,18.8
6.0,18.8
6.4,18.8
7.2,18.8
8.0,18.8
8.4,18.8
8.8,18.8
9.2,18.8
9.6,18.8
10.0,18.8
11.2,18.8
12.8,18.8
13.6,18.8
14.0,18.8
14.4,18.8
15.2,18.8
15.6,18.8
18.4,18.8
19.2,18.8
21.2,18.8
21.6,18.8
22.0,18.8
23.2,18.8
23.6,18.8
24.4,18.8
25.2,18.8
25.6,18.8
0.4,18.4
0.8,18.4
1.6,18.4
2.4,18.4
2.8,18.4
4.0,18.4
4.4,18.4
4.8,18.4
6.8,18.4
7.6,18.4
10.4,18.4
10.8,18.4
11.6,18.4
12.0,18.4
12.4,18.4
13.2,18.4
14.8,18.4
16.0,18.4
16.4,18.4
16.8,18.4
17.2,18.4
17.6,18.4
18.0,18.4
18.8,18.4
19.6,18.4
20.0,18.4
20.4,18.4
20.8,18.4
22.4,18.4
22.8,18.4
24.0,18.4
24.8,18.4
26.0,18.4
0.0,18.0
1.2,18.0
2.0,18.0
3.2,18.0
3.6,18.0
5.2,18.0
5.6,18.0
6.0,18.0
6.4,18.0
7.2,18.0
8.0,18.0
8.4,18.0
8.8,18.0
9.2,18.0
9.6,18.0
10.0,18.0
11.2,18.0
12.8,18.0
13.6,18.0
14.0,18.0
14.4,18.0
15.2,18.0
15.6,18.0
18.4,18.0
19.2,18.0
21.2,18.0
21.6,18.0
22.0,18.0
23.2,18.0
23.6,18.0
24.4,18.0
25.2,18.0
25.6,18.0
0.0,17.6
1.2,17.6
2.0,17.6
3.2,17.6
3.6,17.6
5.2,17.6
5.6,17.6
6.0,17.6
6.4,17.6
7.2,17.6
8.0,17.6
8.4,17.6
8.8,17.6
9.2,17.6
9.6,17.6
10.0,17.6
11.2,17.6
12.8,17.6
13.6,17.6
14.0,17.6
14.4,17.6
15.2,17.6
15.6,17.6
18.4,17.6
19.2,17.6
21.2,17.6
21.6,17.6
22.0,17.6
23.2,17.6
23.6,17.6
24.4,17.6
25.2,17.6
25.6,17.6
0.0,17.2
1.2,17.2
2.0,17.2
3.2,17.2
3.6,17.2
5.2,17.2
5.6,17.2
6.0,17.2
6.4,17.2
7.2,17.2
8.0,17.2
8.4,17.2
8.8,17.2
9.2,17.2
9.6,17.2
10.0,17.2
11.2,17.2
12.8,17.2
13.6,17.2
14.0,17.2
14.4,17.2
15.2,17.2
15.6,17.2
18.4,17.2
19.2,17.2
21.2,17.2
21.6,17.2
22.0,17.2
23.2,17.2
23.6,17.2
24.4,17.2
25.2,17.2
25.6,17.2
0.0,16.8
1.2,16.8
2.0,16.8
3.2,16.8
3.6,16.8
5.2,16.8
5.6,16.8
6.0,16.8
6.4,16.8
7.2,16.8
8.0,16.8
8.4,16.8
8.8,16.8
9.2,16.8
9.6,16.8
10.0,16.8
11.2,16.8
12.8,16.8
13.6,16.8
14.0,16.8
14.4,16.8
15.2,16.8
15.6,16.8
18.4,16.8
19.2,16.8
21.2,16.8
21.6,16.8
22.0,16.8
23.2,16.8
23.6,16.8
24.4,16.8
25.2,16.8
25.6,16.8
0.0,16.4
1.2,16.4
2.0,16.4
3.2,16.4
3.6,16.4
5.2,16.4
5.6,16.4
6.0,16.4
6.4,16.4
7.2,16.4
8.0,16.4
8.4,16.4
8.8,16.4
9.2,16.4
9.6,16.4
10.0,16.4
11.2,16.4
12.8,16.4
13.6,16.4
14.0,16.4
14.4,16.4
15.2,16.4
15.6,16.4
18.4,16.4
19.2,16.4
21.2,16.4
21.6,16.4
22.0,16.4
23.2,16.4
23.6,16.4
24.4,16.4
25.2,16.4
25.6,16.4
0.0,16.0
1.2,16.0
2.0,16.0
3.2,16.0
3.6,16.0
5.2,16.0
5.6,16.0
6.0,16.0
6.4,16.0
7.2,16.0
8.0,16.0
8.4,16.0
8.8,16.0
9.2,16.0
9.6,16.0
10.0,16.0
11.2,16.0
12.8,16.0
13.6,16.0
14.0,16.0
14.4,16.0
15.2,16.0
15.6,16.0
18.4,16.0
19.2,16.0
21.2,16.0
21.6,16.0
22.0,16.0
23.2,16.0
23.6,16.0
24.4,16.0
25.2,16.0
25.6,16.0
0.4,15.6
0.8,15.6
1.6,15.6
2.4,15.6
2.8,15.6
4.0,15.6
4.4,15.6
4.8,15.6
6.8,15.6
7.6,15.6
10.4,15.6
10.8,15.6
11.6,15.6
12.0,15.6
12.4,15.6
13.2,15.6
14.8,15.6
16.0,15.6
16.4,15.6
16.8,15.6
17.2,15.6
17.6,15.6
18.0,15.6
18.8,15.6
19.6,15.6
20.0,15.6
20.4,15.6
20.8,15.6
22.4,15.6
22.8,15.6
24.0,15.6
24.8,15.6
26.0,15.6
0.4,15.2
0.8,15.2
1.6,15.2
2.4,15.2
2.8,15.2
4.0,15.2
4.4,15.2
4.8,15.2
6.8,15.2
7.6,15.2
10.4,15.2
10.8,15.2
11.6,15.2
12.0,15.2
12.4,15.2
13.2,15.2
14.8,15.2
16.0,15.2
16.4,15.2
16.8,15.2
17.2,15.2
17.6,15.2
18.0,15.2
18.8,15.2
19.6,15.2
20.0,15.2
20.4,15.2
20.8,15.2
22.4,15.2
22.8,15.2
24.0,15.2
24.8,15.2
26.0,15.2
0.0,14.8
1.2,14.8
2.0,14.8
3.2,14.8
3.6,14.8
5.2,14.8
5.6,14.8
6.0,14.8
6.4,14.8
7.2,14.8
8.0,14.8
8.4,14.8
8.8,14.8
9.2,14.8
9.6,14.8
10.0,14.8
11.2,14.8
12.8,14.8
13.6,14.8
14.0,14.8
14.4,14.8
15.2,14.8
15.6,14.8
18.4,14.8
19.2,14.8
21.2,14.8
21.6,14.8
22.0,14.8
23.2,14.8
23.6,14.8
24.4,14.8
25.2,14.8
25.6,14.8
0.4,14.4
0.8,14.4
1.6,14.4
2.4,14.4
2.8,14.4
4.0,14.4
4.4,14.4
4.8,14.4
6.8,14.4
7.6,14.4
10.4,14.4
10.8,14.4
11.6,14.4
12.0,14.4
12.4,14.4
13.2,14.4
14.8,14.4
16.0,14.4
16.4,14.4
16.8,14.4
17.2,14.4
17.6,14.4
18.0,14.4
18.8,14.4
19.6,14.4
20.0,14.4
20.4,14.4
20.8,14.4
22.4,14.4
22.8,14.4
24.0,14.4
24.8,14.4
26.0,14.4
0.4,14.0
0.8,14.0
1.6,14.0
2.4,14.0
2.8,14.0
4.0,14.0
4.4,14.0
4.8,14.0
6.8,14.0
7.6,14.0
10.4,14.0
10.8,14.0
11.6,14.0
12.0,14.0
12.4,14.0
13.2,14.0
14.8,14.0
16.0,14.0
16.4,14.0
16.8,14.0
17.2,14.0
17.6,14.0
18.0,14.0
18.8,14.0
19.6,14.0
20.0,14.0
20.4,14.0
20.8,14.0
22.4,14.0
22.8,14.0
24.0,14.0
24.8,14.0
26.0,14.0
0.4,13.6
0.8,13.6
1.6,13.6
2.4,13.6
2.8,13.6
4.0,13.6
4.4,13.6
4.8,13.6
6.8,13.6
7.6,13.6
10.4,13.6
10.8,13.6
11.6,13.6
12.0,13.6
12.4,13.6
13.2,13.6
14.8,13.6
16.0,13.6
16.4,13.6
16.8,13.6
17.2,13.6
17.6,13.6
18.0,13.6
18.8,13.6
19.6,13.6
20.0,13.6
20.4,13.6
20.8,13.6
22.4,13.6
22.8,13.6
24.0,13.6
24.8,13.6
26.0,13.6
0.0,13.2
1.2,13.2
2.0,13.2
3.2,13.2
3.6,13.2
5.2,13.2
5.6,13.2
6.0,13.2
6.4,13.2
7.2,13.2
8.0,13.2
8.4,13.2
8.8,13.2
9.2,13.2
9.6,13.2
10.0,13.2
11.2,13.2
12.8,13.2
13.6,13.2
14.0,13.2
14.4,13.2
15.2,13.2
15.6,13.2
18.4,13.2
19.2,13.2
21.2,13.2
21.6,13.2
22.0,13.2
23.2,13.2
23.6,13.2
24.4,13.2
25.2,13.2
25.6,13.2
0.4,12.8
0.8,12.8
1.6,12.8
2.4,12.8
2.8,12.8
4.0,12.8
4.4,12.8
4.8,12.8
6.8,12.8
7.6,12.8
10.4,12.8
10.8,12.8
11.6,12.8
12.0,12.8
12.4,12.8
13.2,12.8
14.8,12.8
16.0,12.8
16.4,12.8
16.8,12.8
17.2,12.8
17.6,12.8
18.0,12.8
18.8,12.8
19.6,12.8
20.0,12.8
20.4,12.8
20.8,12.8
22.4,12.8
22.8,12.8
24.0,12.8
24.8,12.8
26.0,12.8
0.0,12.4
1.2,12.4
2.0,12.4
3.2,12.4
3.6,12.4
5.2,12.4
5.6,12.4
6.0,12.4
6.4,12.4
7.2,12.4
8.0,12.4
8.4,12.4
8.8,12.4
9.2,12.4
9.6,12.4
10.0,12.4
11.2,12.4
12.8,12.4
13.6,12.4
14.0,12.4
14.4,12.4
15.2,12.4
15.6,12.4
18.4,12.4
19.2,12.4
21.2,12.4
21.6,12.4
22.0,12.4
23.2,12.4
23.6,12.4
24.4,12.4
25.2,12.4
25.6,12.4
0.0,12.0
1.2,12.0
2.0,12.0
3.2,12.0
3.6,12.0
5.2,12.0
5.6,12.0
6.0,12.0
6.4,12.0
7.2,12.0
8.0,12.0
8.4,12.0
8.8,12.0
9.2,12.0
9.6,12.0
10.0,12.0
11.2,12.0
12.8,12.0
13.6,12.0
14.0,12.0
14.4,12.0
15.2,12.0
15.6,12.0
18.4,12.0
19.2,12.0
21.2,12.0
21.6,12.0
22.0,12.0
23.2,12.0
23.6,12.0
24.4,12.0
25.2,12.0
25.6,12.0
0.0,11.6
1.2,11.6
2.0,11.6
3.2,11.6
3.6,11.6
5.2,11.6
5.6,11.6
6.0,11.6
6.4,11.6
7.2,11.6
8.0,11.6
8.4,11.6
8.8,11.6
9.2,11.6
9.6,11.6
10.0,11.6
11.2,11.6
12.8,11.6
13.6,11.6
14.0,11.6
14.4,11.6
15.2,11.6
15.6,11.6
18.4,11.6
19.2,11.6
21.2,11.6
21.6,11.6
22.0,11.6
23.2,11.6
23.6,11.6
24.4,11.6
25.2,11.6
25.6,11.6
0.4,11.2
0.8,11.2
1.6,11.2
2.4,11.2
2.8,11.2
4.0,11.2
4.4,11.2
4.8,11.2
6.8,11.2
7.6,11.2
10.4,11.2
10.8,11.2
11.6,11.2
12.0,11.2
12.4,11.2
13.2,11.2
14.8,11.2
16.0,11.2
16.4,11.2
16.8,11.2
17.2,11.2
17.6,11.2
18.0,11.2
18.8,11.2
19.6,11.2
20.0,11.2
20.4,11.2
20.8,11.2
22.4,11.2
22.8,11.2
24.0,11.2
24.8,11.2
26.0,11.2
0.0,10.8
1.2,10.8
2.0,10.8
3.2,10.8
3.6,10.8
5.2,10.8
5.6,10.8
6.0,10.8
6.4,10.8
7.2,10.8
8.0,10.8
8.4,10.8
8.8,10.8
9.2,10.8
9.6,10.8
10.0,10.8
11.2,10.8
12.8,10.8
13.6,10.8
14.0,10.8
14.4,10.8
15.2,10.8
15.6,10.8
18.4,10.8
19.2,10.8
21.2,10.8
21.6,10.8
22.0,10.8
23.2,10.8
23.6,10.8
24.4,10.8
25.2,10.8
25.6,10.8
0.0,10.4
1.2,10.4
2.0,10.4
3.2,10.4
3.6,10.4
5.2,10.4
5.6,10.4
6.0,10.4
6.4,10.4
7.2,10.4
8.0,10.4
8.4,10.4
8.8,10.4
9.2,10.4
9.6,10.4
10.0,10.4
11.2,10.4
12.8,10.4
13.6,10.4
14.0,10.4
14.4,10.4
15.2,10.4
15.6,10.4
18.4,10.4
19.2,10.4
21.2,10.4
21.6,10.4
22.0,10.4
23.2,10.4
23.6,10.4
24.4,10.4
25.2,10.4
25.6,10.4
0.4,10.0
0.8,10.0
1.6,10.0
2.4,10.0
2.8,10.0
4.0,10.0
4.4,10.0
4.8,10.0
6.8,10.0
7.6,10.0
10.4,10.0
10.8,10.0
11.6,10.0
12.0,10.0
12.4,10.0
13.2,10.0
14.8,10.0
16.0,10.0
16.4,10.0
16.8,10.0
17.2,10.0
17.6,10.0
18.0,10.0
18.8,10.0
19.6,10.0
20.0,10.0
20.4,10.0
20.8,10.0
22.4,10.0
22.8,10.0
24.0,10.0
24.8,10.0
26.0,10.0
0.4,9.6
0.8,9.6
1.6,9.6
2.4,9.6
2.8,9.6
4.0,9.6
4.4,9.6
4.8,9.6
6.8,9.6
7.6,9.6
10.4,9.6
10.8,9.6
11.6,9.6
12.0,9.6
12.4,9.6
13.2,9.6
14.8,9.6
16.0,9.6
16.4,9.6
16.8,9.6
17.2,9.6
17.6,9.6
18.0,9.6
18.8,9.6
19.6,9.6
20.0,9.6
20.4,9.6
20.8,9.6
22.4,9.6
22.8,9.6
24.0,9.6
24.8,9.6
26.0,9.6
0.4,9.2
0.8,9.2
1.6,9.2
2.4,9.2
2.8,9.2
4.0,9.2
4.4,9.2
4.8,9.2
6.8,9.2
7.6,9.2
10.4,9.2
10.8,9.2
11.6,9.2
12.0,9.2
12.4,9.2
13.2,9.2
14.8,9.2
16.0,9.2
16.4,9.2
16.8,9.2
17.2,9.2
17.6,9.2
18.0,9.2
18.8,9.2
19.6,9.2
20.0,9.2
20.4,9.2
20.8,9.2
22.4,9.2
22.8,9.2
24.0,9.2
24.8,9.2
26.0,9.2
0.4,8.8
0.8,8.8
1.6,8.8
2.4,8.8
2.8,8.8
4.0,8.8
4.4,8.8
4.8,8.8
6.8,8.8
7.6,8.8
10.4,8.8
10.8,8.8
11.6,8.8
12.0,8.8
12.4,8.8
13.2,8.8
14.8,8.8
16.0,8.8
16.4,8.8
16.8,8.8
17.2,8.8
17.6,8.8
18.0,8.8
18.8,8.8
19.6,8.8
20.0,8.8
20.4,8.8
20.8,8.8
22.4,8.8
22.8,8.8
24.0,8.8
24.8,8.8
26.0,8.8
0.4,8.4
0.8,8.4
1.6,8.4
2.4,8.4
2.8,8.4
4.0,8.4
4.4,8.4
4.8,8.4
6.8,8.4
7.6,8.4
10.4,8.4
10.8,8.4
11.6,8.4
12.0,8.4
12.4,8.4
13.2,8.4
14.8,8.4
16.0,8.4
16.4,8.4
16.8,8.4
17.2,8.4
17.6,8.4
18.0,8.4
18.8,8.4
19.6,8.4
20.0,8.4
20.4,8.4
20.8,8.4
22.4,8.4
22.8,8.4
24.0,8.4
24.8,8.4
26.0,8.4
0.4,8.0
0.8,8.0
1.6,8.0
2.4,8.0
2.8,8.0
4.0,8.0
4.4,8.0
4.8,8.0
6.8,8.0
7.6,8.0
10.4,8.0
10.8,8.0
11.6,8.0
12.0,8.0
12.4,8.0
13.2,8.0
14.8,8.0
16.0,8.0
16.4,8.0
16.8,8.0
17.2,8.0
17.6,8.0
18.0,8.0
18.8,8.0
19.6,8.0
20.0,8.0
20.4,8.0
20.8,8.0
22.4,8.0
22.8,8.0
24.0,8.0
24.8,8.0
26.0,8.0
0.0,7.6
1.2,7.6
2.0,7.6
3.2,7.6
3.6,7.6
5.2,7.6
5.6,7.6
6.0,7.6
6.4,7.6
7.2,7.6
8.0,7.6
8.4,7.6
8.8,7.6
9.2,7.6
9.6,7.6
10.0,7.6
11.2,7.6
12.8,7.6
13.6,7.6
14.0,7.6
14.4,7.6
15.2,7.6
15.6,7.6
18.4,7.6
19.2,7.6
21.2,7.6
21.6,7.6
22.0,7.6
23.2,7.6
23.6,7.6
24.4,7.6
25.2,7.6
25.6,7.6
0.4,7.2
0.8,7.2
1.6,7.2
2.4,7.2
2.8,7.2
4.0,7.2
4.4,7.2
4.8,7.2
6.8,7.2
7.6,7.2
10.4,7.2
10.8,7.2
11.6,7.2
12.0,7.2
12.4,7.2
13.2,7.2
14.8,7.2
16.0,7.2
16.4,7.2
16.8,7.2
17.2,7.2
17.6,7.2
18.0,7.2
18.8,7.2
19.6,7.2
20.0,7.2
20.4,7.2
20.8,7.2
22.4,7.2
22.8,7.2
24.0,7.2
24.8,7.2
26.0,7.2
0.0,6.8
1.2,6.8
2.0,6.8
3.2,6.8
3.6,6.8
5.2,6.8
5.6,6.8
6.0,6.8
6.4,6.8
7.2,6.8
8.0,6.8
8.4,6.8
8.8,6.8
9.2,6.8
9.6,6.8
10.0,6.8
11.2,6.8
12.8,6.8
13.6,6.8
14.0,6.8
14.4,6.8
15.2,6.8
15.6,6.8
18.4,6.8
19.2,6.8
21.2,6.8
21.6,6.8
22.0,6.8
23.2,6.8
23.6,6.8
24.4,6.8
25.2,6.8
25.6,6.8
0.4,6.4
0.8,6.4
1.6,6.4
2.4,6.4
2.8,6.4
4.0,6.4
4.4,6.4
4.8,6.4
6.8,6.4
7.6,6.4
10.4,6.4
10.8,6.4
11.6,6.4
12.0,6.4
12.4,6.4
13.2,6.4
14.8,6.4
16.0,6.4
16.4,6.4
16.8,6.4
17.2,6.4
17.6,6.4
18.0,6.4
18.8,6.4
19.6,6.4
20.0,6.4
20.4,6.4
20.8,6.4
22.4,6.4
22.8,6.4
24.0,6.4
24.8,6.4
26.0,6.4
0.4,6.0
0.8,6.0
1.6,6.0
2.4,6.0
2.8,6.0
4.0,6.0
4.4,6.0
4.8,6.0
6.8,6.0
7.6,6.0
10.4,6.0
10.8,6.0
11.6,6.0
12.0,6.0
12.4,6.0
13.2,6.0
14.8,6.0
16.0,6.0
16.4,6.0
16.8,6.0
17.2,6.0
17.6,6.0
18.0,6.0
18.8,6.0
19.6,6.0
20.0,6.0
20.4,6.0
20.8,6.0
22.4,6.0
22.8,6.0
24.0,6.0
24.8,6.0
26.0,6.0
0.4,5.6
0.8,5.6
1.6,5.6
2.4,5.6
2.8,5.6
4.0,5.6
4.4,5.6
4.8,5.6
6.8,5.6
7.6,5.6
10.4,5.6
10.8,5.6
11.6,5.6
12.0,5.6
12.4,5.6
13.2,5.6
14.8,5.6
16.0,5.6
16.4,5.6
16.8,5.6
17.2,5.6
17.6,5.6
18.0,5.6
18.8,5.6
19.6,5.6
20.0,5.6
20.4,5.6
20.8,5.6
22.4,5.6
22.8,5.6
24.0,5.6
24.8,5.6
26.0,5.6
0.4,5.2
0.8,5.2
1.6,5.2
2.4,5.2
2.8,5.2
4.0,5.2
4.4,5.2
4.8,5.2
6.8,5.2
7.6,5.2
10.4,5.2
10.8,5.2
11.6,5.2
12.0,5.2
12.4,5.2
13.2,5.2
14.8,5.2
16.0,5.2
16.4,5.2
16.8,5.2
17.2,5.2
17.6,5.2
18.0,5.2
18.8,5.2
19.6,5.2
20.0,5.2
20.4,5.2
20.8,5.2
22.4,5.2
22.8,5.2
24.0,5.2
24.8,5.2
26.0,5.2
0.0,4.8
1.2,4.8
2.0,4.8
3.2,4.8
3.6,4.8
5.2,4.8
5.6,4.8
6.0,4.8
6.4,4.8
7.2,4.8
8.0,4.8
8.4,4.8
8.8,4.8
9.2,4.8
9.6,4.8
10.0,4.8
11.2,4.8
12.8,4.8
13.6,4.8
14.0,4.8
14.4,4.8
15.2,4.8
15.6,4.8
18.4,4.8
19.2,4.8
21.2,4.8
21.6,4.8
22.0,4.8
23.2,4.8
23.6,4.8
24.4,4.8
25.2,4.8
25.6,4.8
0.0,4.4
1.2,4.4
2.0,4.4
3.2,4.4
3.6,4.4
5.2,4.4
5.6,4.4
6.0,4.4
6.4,4.4
7.2,4.4
8.0,4.4
8.4,4.4
8.8,4.4
9.2,4.4
9.6,4.4
10.0,4.4
11.2,4.4
12.8,4.4
13.6,4.4
14.0,4.4
14.4,4.4
15.2,4.4
15.6,4.4
18.4,4.4
19.2,4.4
21.2,4.4
21.6,4.4
22.0,4.4
23.2,4.4
23.6,4.4
24.4,4.4
25.2,4.4
25.6,4.4
0.0,4.0
1.2,4.0
2.0,4.0
3.2,4.0
3.6,4.0
5.2,4.0
5.6,4.0
6.0,4.0
6.4,4.0
7.2,4.0
8.0,4.0
8.4,4.0
8.8,4.0
9.2,4.0
9.6,4.0
10.0,4.0
11.2,4.0
12.8,4.0
13.6,4.0
14.0,4.0
14.4,4.0
15.2,4.0
15.6,4.0
18.4,4.0
19.2,4.0
21.2,4.0
21.6,4.0
22.0,4.0
23.2,4.0
23.6,4.0
24.4,4.0
25.2,4.0
25.6,4.0
0.4,3.6
0.8,3.6
1.6,3.6
2.4,3.6
2.8,3.6
4.0,3.6
4.4,3.6
4.8,3.6
6.8,3.6
7.6,3.6
10.4,3.6
10.8,3.6
11.6,3.6
12.0,3.6
12.4,3.6
13.2,3.6
14.8,3.6
16.0,3.6
16.4,3.6
16.8,3.6
17.2,3.6
17.6,3.6
18.0,3.6
18.8,3.6
19.6,3.6
20.0,3.6
20.4,3.6
20.8,3.6
22.4,3.6
22.8,3.6
24.0,3.6
24.8,3.6
26.0,3.6
0.4,3.2
0.8,3.2
1.6,3.2
2.4,3.2
2.8,3.2
4.0,3.2
4.4,3.2
4.8,3.2
6.8,3.2
7.6,3.2
10.4,3.2
10.8,3.2
11.6,3.2
12.0,3.2
12.4,3.2
13.2,3.2
14.8,3.2
16.0,3.2
16.4,3.2
16.8,3.2
17.2,3.2
17.6,3.2
18.0,3.2
18.8,3.2
19.6,3.2
20.0,3.2
20.4,3.2
20.8,3.2
22.4,3.2
22.8,3.2
24.0,3.2
24.8,3.2
26.0,3.2
0.0,2.8
1.2,2.8
2.0,2.8
3.2,2.8
3.6,2.8
5.2,2.8
5.6,2.8
6.0,2.8
6.4,2.8
7.2,2.8
8.0,2.8
8.4,2.8
8.8,2.8
9.2,2.8
9.6,2.8
10.0,2.8
11.2,2.8
12.8,2.8
13.6,2.8
14.0,2.8
14.4,2.8
15.2,2.8
15.6,2.8
18.4,2.8
19.2,2.8
21.2,2.8
21.6,2.8
22.0,2.8
23.2,2.8
23.6,2.8
24.4,2.8
25.2,2.8
25.6,2.8
0.0,2.4
1.2,2.4
2.0,2.4
3.2,2.4
3.6,2.4
5.2,2.4
5.6,2.4
6.0,2.4
6.4,2.4
7.2,2.4
8.0,2.4
8.4,2.4
8.8,2.4
9.2,2.4
9.6,2.4
10.0,2.4
11.2,2.4
12.8,2.4
13.6,2.4
14.0,2.4
14.4,2.4
15.2,2.4
15.6,2.4
18.4,2.4
19.2,2.4
21.2,2.4
21.6,2.4
22.0,2.4
23.2,2.4
23.6,2.4
24.4,2.4
25.2,2.4
25.6,2.4
0.4,2.0
0.8,2.0
1.6,2.0
2.4,2.0
2.8,2.0
4.0,2.0
4.4,2.0
4.8,2.0
6.8,2.0
7.6,2.0
10.4,2.0
10.8,2.0
11.6,2.0
12.0,2.0
12.4,2.0
13.2,2.0
14.8,2.0
16.0,2.0
16.4,2.0
16.8,2.0
17.2,2.0
17.6,2.0
18.0,2.0
18.8,2.0
19.6,2.0
20.0,2.0
20.4,2.0
20.8,2.0
22.4,2.0
22.8,2.0
24.0,2.0
24.8,2.0
26.0,2.0
0.0,1.6
1.2,1.6
2.0,1.6
3.2,1.6
3.6,1.6
5.2,1.6
5.6,1.6
6.0,1.6
6.4,1.6
7.2,1.6
8.0,1.6
8.4,1.6
8.8,1.6
9.2,1.6
9.6,1.6
10.0,1.6
11.2,1.6
12.8,1.6
13.6,1.6
14.0,1.6
14.4,1.6
15.2,1.6
15.6,1.6
18.4,1.6
19.2,1.6
21.2,1.6
21.6,1.6
22.0,1.6
23.2,1.6
23.6,1.6
24.4,1.6
25.2,1.6
25.6,1.6
0.4,1.2
0.8,1.2
1.6,1.2
2.4,1.2
2.8,1.2
4.0,1.2
4.4,1.2
4.8,1.2
6.8,1.2
7.6,1.2
10.4,1.2
10.8,1.2
11.6,1.2
12.0,1.2
12.4,1.2
13.2,1.2
14.8,1.2
16.0,1.2
16.4,1.2
16.8,1.2
17.2,1.2
17.6,1.2
18.0,1.2
18.8,1.2
19.6,1.2
20.0,1.2
20.4,1.2
20.8,1.2
22.4,1.2
22.8,1.2
24.0,1.2
24.8,1.2
26.0,1.2
0.0,0.8
1.2,0.8
2.0,0.8
3.2,0.8
3.6,0.8
5.2,0.8
5.6,0.8
6.0,0.8
6.4,0.8
7.2,0.8
8.0,0.8
8.4,0.8
8.8,0.8
9.2,0.8
9.6,0.8
10.0,0.8
11.2,0.8
12.8,0.8
13.6,0.8
14.0,0.8
14.4,0.8
15.2,0.8
15.6,0.8
18.4,0.8
19.2,0.8
21.2,0.8
21.6,0.8
22.0,0.8
23.2,0.8
23.6,0.8
24.4,0.8
25.2,0.8
25.6,0.8
0.0,0.4
1.2,0.4
2.0,0.4
3.2,0.4
3.6,0.4
5.2,0.4
5.6,0.4
6.0,0.4
6.4,0.4
7.2,0.4
8.0,0.4
8.4,0.4
8.8,0.4
9.2,0.4
9.6,0.4
10.0,0.4
11.2,0.4
12.8,0.4
13.6,0.4
14.0,0.4
14.4,0.4
15.2,0.4
15.6,0.4
18.4,0.4
19.2,0.4
21.2,0.4
21.6,0.4
22.0,0.4
23.2,0.4
23.6,0.4
24.4,0.4
25.2,0.4
25.6,0.4
0.4,0.0
0.8,0.0
1.6,0.0
2.4,0.0
2.8,0.0
4.0,0.0
4.4,0.0
4.8,0.0
6.8,0.0
7.6,0.0
10.4,0.0
10.8,0.0
11.6,0.0
12.0,0.0
12.4,0.0
13.2,0.0
14.8,0.0
16.0,0.0
16.4,0.0
16.8,0.0
17.2,0.0
17.6,0.0
18.0,0.0
18.8,0.0
19.6,0.0
20.0,0.0
20.4,0.0
20.8,0.0
22.4,0.0
22.8,0.0
24.0,0.0
24.8,0.0
26.0,0.0
0.0,52.8
1.2,52.8
2.0,52.8
3.2,52.8
3.6,52.8
5.2,52.8
5.6,52.8
6.0,52.8
6.4,52.8
7.2,52.8
8.0,52.8
8.4,52.8
8.8,52.8
9.2,52.8
9.6,52.8
10.0,52.8
11.2,52.8
12.8,52.8
13.6,52.8
14.0,52.8
14.4,52.8
15.2,52.8
15.6,52.8
18.4,52.8
19.2,52.8
21.2,52.8
21.6,52.8
22.0,52.8
23.2,52.8
23.6,52.8
24.4,52.8
25.2,52.8
25.6,52.8
0.4,52.4
0.8,52.4
1.6,52.4
2.4,52.4
2.8,52.4
4.0,52.4
4.4,52.4
4.8,52.4
6.8,52.4
7.6,52.4
10.4,52.4
10.8,52.4
11.6,52.4
12.0,52.4
12.4,52.4
13.2,52.4
14.8,52.4
16.0,52.4
16.4,52.4
16.8,52.4
17.2,52.4
17.6,52.4
18.0,52.4
18.8,52.4
19.6,52.4
20.0,52.4
20.4,52.4
20.8,52.4
22.4,52.4
22.8,52.4
24.0,52.4
24.8,52.4
26.0,52.4
0.4,52.0
0.8,52.0
1.6,52.0
2.4,52.0
2.8,52.0
4.0,52.0
4.4,52.0
4.8,52.0
6.8,52.0
7.6,52.0
10.4,52.0
10.8,52.0
11.6,52.0
12.0,52.0
12.4,52.0
13.2,52.0
14.8,52.0
16.0,52.0
16.4,52.0
16.8,52.0
17.2,52.0
17.6,52.0
18.0,52.0
18.8,52.0
19.6,52.0
20.0,52.0
20.4,52.0
20.8,52.0
22.4,52.0
22.8,52.0
24.0,52.0
24.8,52.0
26.0,52.0
0.0,51.6
1.2,51.6
2.0,51.6
3.2,51.6
3.6,51.6
5.2,51.6
5.6,51.6
6.0,51.6
6.4,51.6
7.2,51.6
8.0,51.6
8.4,51.6
8.8,51.6
9.2,51.6
9.6,51.6
10.0,51.6
11.2,51.6
12.8,51.6
13.6,51.6
14.0,51.6
14.4,51.6
15.2,51.6
15.6,51.6
18.4,51.6
19.2,51.6
21.2,51.6
21.6,51.6
22.0,51.6
23.2,51.6
23.6,51.6
24.4,51.6
25.2,51.6
25.6,51.6
0.4,51.2
0.8,51.2
1.6,51.2
2.4,51.2
2.8,51.2
4.0,51.2
4.4,51.2
4.8,51.2
6.8,51.2
7.6,51.2
10.4,51.2
10.8,51.2
11.6,51.2
12.0,51.2
12.4,51.2
13.2,51.2
14.8,51.2
16.0,51.2
16.4,51.2
16.8,51.2
17.2,51.2
17.6,51.2
18.0,51.2
18.8,51.2
19.6,51.2
20.0,51.2
20.4,51.2
20.8,51.2
22.4,51.2
22.8,51.2
24.0,51.2
24.8,51.2
26.0,51.2
0.0,50.8
1.2,50.8
2.0,50.8
3.2,50.8
3.6,50.8
5.2,50.8
5.6,50.8
6.0,50.8
6.4,50.8
7.2,50.8
8.0,50.8
8.4,50.8
8.8,50.8
9.2,50.8
9.6,50.8
10.0,50.8
11.2,50.8
12.8,50.8
13.6,50.8
14.0,50.8
14.4,50.8
15.2,50.8
15.6,50.8
18.4,50.8
19.2,50.8
21.2,50.8
21.6,50.8
22.0,50.8
23.2,50.8
23.6,50.8
24.4,50.8
25.2,50.8
25.6,50.8
0.4,50.4
0.8,50.4
1.6,50.4
2.4,50.4
2.8,50.4
4.0,50.4
4.4,50.4
4.8,50.4
6.8,50.4
7.6,50.4
10.4,50.4
10.8,50.4
11.6,50.4
12.0,50.4
12.4,50.4
13.2,50.4
14.8,50.4
16.0,50.4
16.4,50.4
16.8,50.4
17.2,50.4
17.6,50.4
18.0,50.4
18.8,50.4
19.6,50.4
20.0,50.4
20.4,50.4
20.8,50.4
22.4,50.4
22.8,50.4
24.0,50.4
24.8,50.4
26.0,50.4
0.4,50.0
0.8,50.0
1.6,50.0
2.4,50.0
2.8,50.0
4.0,50.0
4.4,50.0
4.8,50.0
6.8,50.0
7.6,50.0
10.4,50.0
10.8,50.0
11.6,50.0
12.0,50.0
12.4,50.0
13.2,50.0
14.8,50.0
16.0,50.0
16.4,50.0
16.8,50.0
17.2,50.0
17.6,50.0
18.0,50.0
18.8,50.0
19.6,50.0
20.0,50.0
20.4,50.0
20.8,50.0
22.4,50.0
22.8,50.0
24.0,50.0
24.8,50.0
26.0,50.0
0.0,49.6
1.2,49.6
2.0,49.6
3.2,49.6
3.6,49.6
5.2,49.6
5.6,49.6
6.0,49.6
6.4,49.6
7.2,49.6
8.0,49.6
8.4,49.6
8.8,49.6
9.2,49.6
9.6,49.6
10.0,49.6
11.2,49.6
12.8,49.6
13.6,49.6
14.0,49.6
14.4,49.6
15.2,49.6
15.6,49.6
18.4,49.6
19.2,49.6
21.2,49.6
21.6,49.6
22.0,49.6
23.2,49.6
23.6,49.6
24.4,49.6
25.2,49.6
25.6,49.6
0.0,49.2
1.2,49.2
2.0,49.2
3.2,49.2
3.6,49.2
5.2,49.2
5.6,49.2
6.0,49.2
6.4,49.2
7.2,49.2
8.0,49.2
8.4,49.2
8.8,49.2
9.2,49.2
9.6,49.2
10.0,49.2
11.2,49.2
12.8,49.2
13.6,49.2
14.0,49.2
14.4,49.2
15.2,49.2
15.6,49.2
18.4,49.2
19.2,49.2
21.2,49.2
21.6,49.2
22.0,49.2
23.2,49.2
23.6,49.2
24.4,49.2
25.2,49.2
25.6,49.2
0.4,48.8
0.8,48.8
1.6,48.8
2.4,48.8
2.8,48.8
4.0,48.8
4.4,48.8
4.8,48.8
6.8,48.8
7.6,48.8
10.4,48.8
10.8,48.8
11.6,48.8
12.0,48.8
12.4,48.8
13.2,48.8
14.8,48.8
16.0,48.8
16.4,48.8
16.8,48.8
17.2,48.8
17.6,48.8
18.0,48.8
18.8,48.8
19.6,48.8
20.0,48.8
20.4,48.8
20.8,48.8
22.4,48.8
22.8,48.8
24.0,48.8
24.8,48.8
26.0,48.8
0.4,48.4
0.8,48.4
1.6,48.4
2.4,48.4
2.8,48.4
4.0,48.4
4.4,48.4
4.8,48.4
6.8,48.4
7.6,48.4
10.4,48.4
10.8,48.4
11.6,48.4
12.0,48.4
12.4,48.4
13.2,48.4
14.8,48.4
16.0,48.4
16.4,48.4
16.8,48.4
17.2,48.4
17.6,48.4
18.0,48.4
18.8,48.4
19.6,48.4
20.0,48.4
20.4,48.4
20.8,48.4
22.4,48.4
22.8,48.4
24.0,48.4
24.8,48.4
26.0,48.4
0.4,48.0
0.8,48.0
1.6,48.0
2.4,48.0
2.8,48.0
4.0,48.0
4.4,48.0
4.8,48.0
6.8,48.0
7.6,48.0
10.4,48.0
10.8,48.0
11.6,48.0
12.0,48.0
12.4,48.0
13.2,48.0
14.8,48.0
16.0,48.0
16.4,48.0
16.8,48.0
17.2,48.0
17.6,48.0
18.0,48.0
18.8,48.0
19.6,48.0
20.0,48.0
20.4,48.0
20.8,48.0
22.4,48.0
22.8,48.0
24.0,48.0
24.8,48.0
26.0,48.0
0.0,47.6
1.2,47.6
2.0,47.6
3.2,47.6
3.6,47.6
5.2,47.6
5.6,47.6
6.0,47.6
6.4,47.6
7.2,47.6
8.0,47.6
8.4,47.6
8.8,47.6
9.2,47.6
9.6,47.6
10.0,47.6
11.2,47.6
12.8,47.6
13.6,47.6
14.0,47.6
14.4,47.6
15.2,47.6
15.6,47.6
18.4,47.6
19.2,47.6
21.2,47.6
21.6,47.6
22.0,47.6
23.2,47.6
23.6,47.6
24.4,47.6
25.2,47.6
25.6,47.6
0.0,47.2
1.2,47.2
2.0,47.2
3.2,47.2
3.6,47.2
5.2,47.2
5.6,47.2
6.0,47.2
6.4,47.2
7.2,47.2
8.0,47.2
8.4,47.2
8.8,47.2
9.2,47.2
9.6,47.2
10.0,47.2
11.2,47.2
12.8,47.2
13.6,47.2
14.0,47.2
14.4,47.2
15.2,47.2
15.6,47.2
18.4,47.2
19.2,47.2
21.2,47.2
21.6,47.2
22.0,47.2
23.2,47.2
23.6,47.2
24.4,47.2
25.2,47.2
25.6,47.2
0.0,46.8
1.2,46.8
2.0,46.8
3.2,46.8
3.6,46.8
5.2,46.8
5.6,46.8
6.0,46.8
6.4,46.8
7.2,46.8
8.0,46.8
8.4,46.8
8.8,46.8
9.2,46.8
9.6,46.8
10.0,46.8
11.2,46.8
12.8,46.8
13.6,46.8
14.0,46.8
14.4,46.8
15.2,46.8
15.6,46.8
18.4,46.8
19.2,46.8
21.2,46.8
21.6,46.8
22.0,46.8
23.2,46.8
23.6,46.8
24.4,46.8
25.2,46.8
25.6,46.8
0.0,46.4
1.2,46.4
2.0,46.4
3.2,46.4
3.6,46.4
5.2,46.4
5.6,46.4
6.0,46.4
6.4,46.4
7.2,46.4
8.0,46.4
8.4,46.4
8.8,46.4
9.2,46.4
9.6,46.4
10.0,46.4
11.2,46.4
12.8,46.4
13.6,46.4
14.0,46.4
14.4,46.4
15.2,46.4
15.6,46.4
18.4,46.4
19.2,46.4
21.2,46.4
21.6,46.4
22.0,46.4
23.2,46.4
23.6,46.4
24.4,46.4
25.2,46.4
25.6,46.4
0.4,46.0
0.8,46.0
1.6,46.0
2.4,46.0
2.8,46.0
4.0,46.0
4.4,46.0
4.8,46.0
6.8,46.0
7.6,46.0
10.4,46.0
10.8,46.0
11.6,46.0
12.0,46.0
12.4,46.0
13.2,46.0
14.8,46.0
16.0,46.0
16.4,46.0
16.8,46.0
17.2,46.0
17.6,46.0
18.0,46.0
18.8,46.0
19.6,46.0
20.0,46.0
20.4,46.0
20.8,46.0
22.4,46.0
22.8,46.0
24.0,46.0
24.8,46.0
26.0,46.0
0.0,45.6
1.2,45.6
2.0,45.6
3.2,45.6
3.6,45.6
5.2,45.6
5.6,45.6
6.0,45.6
6.4,45.6
7.2,45.6
8.0,45.6
8.4,45.6
8.8,45.6
9.2,45.6
9.6,45.6
10.0,45.6
11.2,45.6
12.8,45.6
13.6,45.6
14.0,45.6
14.4,45.6
15.2,45.6
15.6,45.6
18.4,45.6
19.2,45.6
21.2,45.6
21.6,45.6
22.0,45.6
23.2,45.6
23.6,45.6
24.4,45.6
25.2,45.6
25.6,45.6
0.4,45.2
0.8,45.2
1.6,45.2
2.4,45.2
2.8,45.2
4.0,45.2
4.4,45.2
4.8,45.2
6.8,45.2
7.6,45.2
10.4,45.2
10.8,45.2
11.6,45.2
12.0,45.2
12.4,45.2
13.2,45.2
14.8,45.2
16.0,45.2
16.4,45.2
16.8,45.2
17.2,45.2
17.6,45.2
18.0,45.2
18.8,45.2
19.6,45.2
20.0,45.2
20.4,45.2
20.8,45.2
22.4,45.2
22.8,45.2
24.0,45.2
24.8,45.2
26.0,45.2
0.0,44.8
1.2,44.8
2.0,44.8
3.2,44.8
3.6,44.8
5.2,44.8
5.6,44.8
6.0,44.8
6.4,44.8
7.2,44.8
8.0,44.8
8.4,44.8
8.8,44.8
9.2,44.8
9.6,44.8
10.0,44.8
11.2,44.8
12.8,44.8
13.6,44.8
14.0,44.8
14.4,44.8
15.2,44.8
15.6,44.8
18.4,44.8
19.2,44.8
21.2,44.8
21.6,44.8
22.0,44.8
23.2,44.8
23.6,44.8
24.4,44.8
25.2,44.8
25.6,44.8
0.0,44.4
1.2,44.4
2.0,44.4
3.2,44.4
3.6,44.4
5.2,44.4
5.6,44.4
6.0,44.4
6.4,44.4
7.2,44.4
8.0,44.4
8.4,44.4
8.8,44.4
9.2,44.4
9.6,44.4
10.0,44.4
11.2,44.4
12.8,44.4
13.6,44.4
14.0,44.4
14.4,44.4
15.2,44.4
15.6,44.4
18.4,44.4
19.2,44.4
21.2,44.4
21.6,44.4
22.0,44.4
23.2,44.4
23.6,44.4
24.4,44.4
25.2,44.4
25.6,44.4
0.0,44.0
1.2,44.0
2.0,44.0
3.2,44.0
3.6,44.0
5.2,44.0
5.6,44.0
6.0,44.0
6.4,44.0
7.2,44.0
8.0,44.0
8.4,44.0
8.8,44.0
9.2,44.0
9.6,44.0
10.0,44.0
11.2,44.0
12.8,44.0
13.6,44.0
14.0,44.0
14.4,44.0
15.2,44.0
15.6,44.0
18.4,44.0
19.2,44.0
21.2,44.0
21.6,44.0
22.0,44.0
23.2,44.0
23.6,44.0
24.4,44.0
25.2,44.0
25.6,44.0
0.0,43.6
1.2,43.6
2.0,43.6
3.2,43.6
3.6,43.6
5.2,43.6
5.6,43.6
6.0,43.6
6.4,43.6
7.2,43.6
8.0,43.6
8.4,43.6
8.8,43.6
9.2,43.6
9.6,43.6
10.0,43.6
11.2,43.6
12.8,43.6
13.6,43.6
14.0,43.6
14.4,43.6
15.2,43.6
15.6,43.6
18.4,43.6
19.2,43.6
21.2,43.6
21.6,43.6
22.0,43.6
23.2,43.6
23.6,43.6
24.4,43.6
25.2,43.6
25.6,43.6
0.0,43.2
1.2,43.2
2.0,43.2
3.2,43.2
3.6,43.2
5.2,43.2
5.6,43.2
6.0,43.2
6.4,43.2
7.2,43.2
8.0,43.2
8.4,43.2
8.8,43.2
9.2,43.2
9.6,43.2
10.0,43.2
11.2,43.2
12.8,43.2
13.6,43.2
14.0,43.2
14.4,43.2
15.2,43.2
15.6,43.2
18.4,43.2
19.2,43.2
21.2,43.2
21.6,43.2
22.0,43.2
23.2,43.2
23.6,43.2
24.4,43.2
25.2,43.2
25.6,43.2
0.0,42.8
1.2,42.8
2.0,42.8
3.2,42.8
3.6,42.8
5.2,42.8
5.6,42.8
6.0,42.8
6.4,42.8
7.2,42.8
8.0,42.8
8.4,42.8
8.8,42.8
9.2,42.8
9.6,42.8
10.0,42.8
11.2,42.8
12.8,42.8
13.6,42.8
14.0,42.8
14.4,42.8
15.2,42.8
15.6,42.8
18.4,42.8
19.2,42.8
21.2,42.8
21.6,42.8
22.0,42.8
23.2,42.8
23.6,42.8
24.4,42.8
25.2,42.8
25.6,42.8
0.4,42.4
0.8,42.4
1.6,42.4
2.4,42.4
2.8,42.4
4.0,42.4
4.4,42.4
4.8,42.4
6.8,42.4
7.6,42.4
10.4,42.4
10.8,42.4
11.6,42.4
12.0,42.4
12.4,42.4
13.2,42.4
14.8,42.4
16.0,42.4
16.4,42.4
16.8,42.4
17.2,42.4
17.6,42.4
18.0,42.4
18.8,42.4
19.6,42.4
20.0,42.4
20.4,42.4
20.8,42.4
22.4,42.4
22.8,42.4
24.0,42.4
24.8,42.4
26.0,42.4
0.4,42.0
0.8,42.0
1.6,42.0
2.4,42.0
2.8,42.0
4.0,42.0
4.4,42.0
4.8,42.0
6.8,42.0
7.6,42.0
10.4,42.0
10.8,42.0
11.6,42.0
12.0,42.0
12.4,42.0
13.2,42.0
14.8,42.0
16.0,42.0
16.4,42.0
16.8,42.0
17.2,42.0
17.6,42.0
18.0,42.0
18.8,42.0
19.6,42.0
20.0,42.0
20.4,42.0
20.8,42.0
22.4,42.0
22.8,42.0
24.0,42.0
24.8,42.0
26.0,42.0
0.0,41.6
1.2,41.6
2.0,41.6
3.2,41.6
3.6,41.6
5.2,41.6
5.6,41.6
6.0,41.6
6.4,41.6
7.2,41.6
8.0,41.6
8.4,41.6
8.8,41.6
9.2,41.6
9.6,41.6
10.0,41.6
11.2,41.6
12.8,41.6
13.6,41.6
14.0,41.6
14.4,41.6
15.2,41.6
15.6,41.6
18.4,41.6
19.2,41.6
21.2,41.6
21.6,41.6
22.0,41.6
23.2,41.6
23.6,41.6
24.4,41.6
25.2,41.6
25.6,41.6
0.4,41.2
0.8,41.2
1.6,41.2
2.4,41.2
2.8,41.2
4.0,41.2
4.4,41.2
4.8,41.2
6.8,41.2
7.6,41.2
10.4,41.2
10.8,41.2
11.6,41.2
12.0,41.2
12.4,41.2
13.2,41.2
14.8,41.2
16.0,41.2
16.4,41.2
16.8,41.2
17.2,41.2
17.6,41.2
18.0,41.2
18.8,41.2
19.6,41.2
20.0,41.2
20.4,41.2
20.8,41.2
22.4,41.2
22.8,41.2
24.0,41.2
24.8,41.2
26.0,41.2
0.4,40.8
0.8,40.8
1.6,40.8
2.4,40.8
2.8,40.8
4.0,40.8
4.4,40.8
4.8,40.8
6.8,40.8
7.6,40.8
10.4,40.8
10.8,40.8
11.6,40.8
12.0,40.8
12.4,40.8
13.2,40.8
14.8,40.8
16.0,40.8
16.4,40.8
16.8,40.8
17.2,40.8
17.6,40.8
18.0,40.8
18.8,40.8
19.6,40.8
20.0,40.8
20.4,40.8
20.8,40.8
22.4,40.8
22.8,40.8
24.0,40.8
24.8,40.8
26.0,40.8
0.4,40.4
0.8,40.4
1.6,40.4
2.4,40.4
2.8,40.4
4.0,40.4
4.4,40.4
4.8,40.4
6.8,40.4
7.6,40.4
10.4,40.4
10.8,40.4
11.6,40.4
12.0,40.4
12.4,40.4
13.2,40.4
14.8,40.4
16.0,40.4
16.4,40.4
16.8,40.4
17.2,40.4
17.6,40.4
18.0,40.4
18.8,40.4
19.6,40.4
20.0,40.4
20.4,40.4
20.8,40.4
22.4,40.4
22.8,40.4
24.0,40.4
24.8,40.4
26.0,40.4
0.0,40.0
1.2,40.0
2.0,40.0
3.2,40.0
3.6,40.0
5.2,40.0
5.6,40.0
6.0,40.0
6.4,40.0
7.2,40.0
8.0,40.0
8.4,40.0
8.8,40.0
9.2,40.0
9.6,40.0
10.0,40.0
11.2,40.0
12.8,40.0
13.6,40.0
14.0,40.0
14.4,40.0
15.2,40.0
15.6,40.0
18.4,40.0
19.2,40.0
21.2,40.0
21.6,40.0
22.0,40.0
23.2,40.0
23.6,40.0
24.4,40.0
25.2,40.0
25.6,40.0
0.4,39.6
0.8,39.6
1.6,39.6
2.4,39.6
2.8,39.6
4.0,39.6
4.4,39.6
4.8,39.6
6.8,39.6
7.6,39.6
10.4,39.6
10.8,39.6
11.6,39.6
12.0,39.6
12.4,39.6
13.2,39.6
14.8,39.6
16.0,39.6
16.4,39.6
16.8,39.6
17.2,39.6
17.6,39.6
18.0,39.6
18.8,39.6
19.6,39.6
20.0,39.6
20.4,39.6
20.8,39.6
22.4,39.6
22.8,39.6
24.0,39.6
24.8,39.6
26.0,39.6
0.0,39.2
1.2,39.2
2.0,39.2
3.2,39.2
3.6,39.2
5.2,39.2
5.6,39.2
6.0,39.2
6.4,39.2
7.2,39.2
8.0,39.2
8.4,39.2
8.8,39.2
9.2,39.2
9.6,39.2
10.0,39.2
11.2,39.2
12.8,39.2
13.6,39.2
14.0,39.2
14.4,39.2
15.2,39.2
15.6,39.2
18.4,39.2
19.2,39.2
21.2,39.2
21.6,39.2
22.0,39.2
23.2,39.2
23.6,39.2
24.4,39.2
25.2,39.2
25.6,39.2
0.0,38.8
1.2,38.8
2.0,38.8
3.2,38.8
3.6,38.8
5.2,38.8
5.6,38.8
6.0,38.8
6.4,38.8
7.2,38.8
8.0,38.8
8.4,38.8
8.8,38.8
9.2,38.8
9.6,38.8
10.0,38.8
11.2,38.8
12.8,38.8
13.6,38.8
14.0,38.8
14.4,38.8
15.2,38.8
15.6,38.8
18.4,38.8
19.2,38.8
21.2,38.8
21.6,38.8
22.0,38.8
23.2,38.8
23.6,38.8
24.4,38.8
25.2,38.8
25.6,38.8
0.0,38.4
1.2,38.4
2.0,38.4
3.2,38.4
3.6,38.4
5.2,38.4
5.6,38.4
6.0,38.4
6.4,38.4
7.2,38.4
8.0,38.4
8.4,38.4
8.8,38.4
9.2,38.4
9.6,38.4
10.0,38.4
11.2,38.4
12.8,38.4
13.6,38.4
14.0,38.4
14.4,38.4
15.2,38.4
15.6,38.4
18.4,38.4
19.2,38.4
21.2,38.4
21.6,38.4
22.0,38.4
23.2,38.4
23.6,38.4
24.4,38.4
25.2,38.4
25.6,38.4
0.4,38.0
0.8,38.0
1.6,38.0
2.4,38.0
2.8,38.0
4.0,38.0
4.4,38.0
4.8,38.0
6.8,38.0
7.6,38.0
10.4,38.0
10.8,38.0
11.6,38.0
12.0,38.0
12.4,38.0
13.2,38.0
14.8,38.0
16.0,38.0
16.4,38.0
16.8,38.0
17.2,38.0
17.6,38.0
18.0,38.0
18.8,38.0
19.6,38.0
20.0,38.0
20.4,38.0
20.8,38.0
22.4,38.0
22.8,38.0
24.0,38.0
24.8,38.0
26.0,38.0
0.0,37.6
1.2,37.6
2.0,37.6
3.2,37.6
3.6,37.6
5.2,37.6
5.6,37.6
6.0,37.6
6.4,37.6
7.2,37.6
8.0,37.6
8.4,37.6
8.8,37.6
9.2,37.6
9.6,37.6
10.0,37.6
11.2,37.6
12.8,37.6
13.6,37.6
14.0,37.6
14.4,37.6
15.2,37.6
15.6,37.6
18.4,37.6
19.2,37.6
21.2,37.6
21.6,37.6
22.0,37.6
23.2,37.6
23.6,37.6
24.4,37.6
25.2,37.6
25.6,37.6
0.0,37.2
1.2,37.2
2.0,37.2
3.2,37.2
3.6,37.2
5.2,37.2
5.6,37.2
6.0,37.2
6.4,37.2
7.2,37.2
8.0,37.2
8.4,37.2
8.8,37.2
9.2,37.2
9.6,37.2
10.0,37.2
11.2,37.2
12.8,37.2
13.6,37.2
14.0,37.2
14.4,37.2
15.2,37.2
15.6,37.2
18.4,37.2
19.2,37.2
21.2,37.2
21.6,37.2
22.0,37.2
23.2,37.2
23.6,37.2
24.4,37.2
25.2,37.2
25.6,37.2
0.4,36.8
0.8,36.8
1.6,36.8
2.4,36.8
2.8,36.8
4.0,36.8
4.4,36.8
4.8,36.8
6.8,36.8
7.6,36.8
10.4,36.8
10.8,36.8
11.6,36.8
12.0,36.8
12.4,36.8
13.2,36.8
14.8,36.8
16.0,36.8
16.4,36.8
16.8,36.8
17.2,36.8
17.6,36.8
18.0,36.8
18.8,36.8
19.6,36.8
20.0,36.8
20.4,36.8
20.8,36.8
22.4,36.8
22.8,36.8
24.0,36.8
24.8,36.8
26.0,36.8
0.4,36.4
0.8,36.4
1.6,36.4
2.4,36.4
2.8,36.4
4.0,36.4
4.4,36.4
4.8,36.4
6.8,36.4
7.6,36.4
10.4,36.4
10.8,36.4
11.6,36.4
12.0,36.4
12.4,36.4
13.2,36.4
14.8,36.4
16.0,36.4
16.4,36.4
16.8,36.4
17.2,36.4
17.6,36.4
18.0,36.4
18.8,36.4
19.6,36.4
20.0,36.4
20.4,36.4
20.8,36.4
22.4,36.4
22.8,36.4
24.0,36.4
24.8,36.4
26.0,36.4
0.4,36.0
0.8,36.0
1.6,36.0
2.4,36.0
2.8,36.0
4.0,36.0
4.4,36.0
4.8,36.0
6.8,36.0
7.6,36.0
10.4,36.0
10.8,36.0
11.6,36.0
12.0,36.0
12.4,36.0
13.2,36.0
14.8,36.0
16.0,36.0
16.4,36.0
16.8,36.0
17.2,36.0
17.6,36.0
18.0,36.0
18.8,36.0
19.6,36.0
20.0,36.0
20.4,36.0
20.8,36.0
22.4,36.0
22.8,36.0
24.0,36.0
24.8,36.0
26.0,36.0
0.4,35.6
0.8,35.6
1.6,35.6
2.4,35.6
2.8,35.6
4.0,35.6
4.4,35.6
4.8,35.6
6.8,35.6
7.6,35.6
10.4,35.6
10.8,35.6
11.6,35.6
12.0,35.6
12.4,35.6
13.2,35.6
14.8,35.6
16.0,35.6
16.4,35.6
16.8,35.6
17.2,35.6
17.6,35.6
18.0,35.6
18.8,35.6
19.6,35.6
20.0,35.6
20.4,35.6
20.8,35.6
22.4,35.6
22.8,35.6
24.0,35.6
24.8,35.6
26.0,35.6
0.4,35.2
0.8,35.2
1.6,35.2
2.4,35.2
2.8,35.2
4.0,35.2
4.4,35.2
4.8,35.2
6.8,35.2
7.6,35.2
10.4,35.2
10.8,35.2
11.6,35.2
12.0,35.2
12.4,35.2
13.2,35.2
14.8,35.2
16.0,35.2
16.4,35.2
16.8,35.2
17.2,35.2
17.6,35.2
18.0,35.2
18.8,35.2
19.6,35.2
20.0,35.2
20.4,35.2
20.8,35.2
22.4,35.2
22.8,35.2
24.0,35.2
24.8,35.2
26.0,35.2
0.4,34.8
0.8,34.8
1.6,34.8
2.4,34.8
2.8,34.8
4.0,34.8
4.4,34.8
4.8,34.8
6.8,34.8
7.6,34.8
10.4,34.8
10.8,34.8
11.6,34.8
12.0,34.8
12.4,34.8
13.2,34.8
14.8,34.8
16.0,34.8
16.4,34.8
16.8,34.8
17.2,34.8
17.6,34.8
18.0,34.8
18.8,34.8
19.6,34.8
20.0,34.8
20.4,34.8
20.8,34.8
22.4,34.8
22.8,34.8
24.0,34.8
24.8,34.8
26.0,34.8
0.0,34.4
1.2,34.4
2.0,34.4
3.2,34.4
3.6,34.4
5.2,34.4
5.6,34.4
6.0,34.4
6.4,34.4
7.2,34.4
8.0,34.4
8.4,34.4
8.8,34.4
9.2,34.4
9.6,34.4
10.0,34.4
11.2,34.4
12.8,34.4
13.6,34.4
14.0,34.4
14.4,34.4
15.2,34.4
15.6,34.4
18.4,34.4
19.2,34.4
21.2,34.4
21.6,34.4
22.0,34.4
23.2,34.4
23.6,34.4
24.4,34.4
25.2,34.4
25.6,34.4
0.4,34.0
0.8,34.0
1.6,34.0
2.4,34.0
2.8,34.0
4.0,34.0
4.4,34.0
4.8,34.0
6.8,34.0
7.6,34.0
10.4,34.0
10.8,34.0
11.6,34.0
12.0,34.0
12.4,34.0
13.2,34.0
14.8,34.0
16.0,34.0
16.4,34.0
16.8,34.0
17.2,34.0
17.6,34.0
18.0,34.0
18.8,34.0
19.6,34.0
20.0,34.0
20.4,34.0
20.8,34.0
22.4,34.0
22.8,34.0
24.0,34.0
24.8,34.0
26.0,34.0
0.0,33.6
1.2,33.6
2.0,33.6
3.2,33.6
3.6,33.6
5.2,33.6
5.6,33.6
6.0,33.6
6.4,33.6
7.2,33.6
8.0,33.6
8.4,33.6
8.8,33.6
9.2,33.6
9.6,33.6
10.0,33.6
11.2,33.6
12.8,33.6
13.6,33.6
14.0,33.6
14.4,33.6
15.2,33.6
15.6,33.6
18.4,33.6
19.2,33.6
21.2,33.6
21.6,33.6
22.0,33.6
23.2,33.6
23.6,33.6
24.4,33.6
25.2,33.6
25.6,33.6
0.4,33.2
0.8,33.2
1.6,33.2
2.4,33.2
2.8,33.2
4.0,33.2
4.4,33.2
4.8,33.2
6.8,33.2
7.6,33.2
10.4,33.2
10.8,33.2
11.6,33.2
12.0,33.2
12.4,33.2
13.2,33.2
14.8,33.2
16.0,33.2
16.4,33.2
16.8,33.2
17.2,33.2
17.6,33.2
18.0,33.2
18.8,33.2
19.6,33.2
20.0,33.2
20.4,33.2
20.8,33.2
22.4,33.2
22.8,33.2
24.0,33.2
24.8,33.2
26.0,33.2
0.4,32.8
0.8,32.8
1.6,32.8
2.4,32.8
2.8,32.8
4.0,32.8
4.4,32.8
4.8,32.8
6.8,32.8
7.6,32.8
10.4,32.8
10.8,32.8
11.6,32.8
12.0,32.8
12.4,32.8
13.2,32.8
14.8,32.8
16.0,32.8
16.4,32.8
16.8,32.8
17.2,32.8
17.6,32.8
18.0,32.8
18.8,32.8
19.6,32.8
20.0,32.8
20.4,32.8
20.8,32.8
22.4,32.8
22.8,32.8
24.0,32.8
24.8,32.8
26.0,32.8
0.4,32.4
0.8,32.4
1.6,32.4
2.4,32.4
2.8,32.4
4.0,32.4
4.4,32.4
4.8,32.4
6.8,32.4
7.6,32.4
10.4,32.4
10.8,32.4
11.6,32.4
12.0,32.4
12.4,32.4
13.2,32.4
14.8,32.4
16.0,32.4
16.4,32.4
16.8,32.4
17.2,32.4
17.6,32.4
18.0,32.4
18.8,32.4
19.6,32.4
20.0,32.4
20.4,32.4
20.8,32.4
22.4,32.4
22.8,32.4
24.0,32.4
24.8,32.4
26.0,32.4
0.4,32.0
0.8,32.0
1.6,32.0
2.4,32.0
2.8,32.0
4.0,32.0
4.4,32.0
4.8,32.0
6.8,32.0
7.6,32.0
10.4,32.0
10.8,32.0
11.6,32.0
12.0,32.0
12.4,32.0
13.2,32.0
14.8,32.0
16.0,32.0
16.4,32.0
16.8,32.0
17.2,32.0
17.6,32.0
18.0,32.0
18.8,32.0
19.6,32.0
20.0,32.0
20.4,32.0
20.8,32.0
22.4,32.0
22.8,32.0
24.0,32.0
24.8,32.0
26.0,32.0
0.0,31.6
1.2,31.6
2.0,31.6
3.2,31.6
3.6,31.6
5.2,31.6
5.6,31.6
6.0,31.6
6.4,31.6
7.2,31.6
8.0,31.6
8.4,31.6
8.8,31.6
9.2,31.6
9.6,31.6
10.0,31.6
11.2,31.6
12.8,31.6
13.6,31.6
14.0,31.6
14.4,31.6
15.2,31.6
15.6,31.6
18.4,31.6
19.2,31.6
21.2,31.6
21.6,31.6
22.0,31.6
23.2,31.6
23.6,31.6
24.4,31.6
25.2,31.6
25.6,31.6
0.0,31.2
1.2,31.2
2.0,31.2
3.2,31.2
3.6,31.2
5.2,31.2
5.6,31.2
6.0,31.2
6.4,31.2
7.2,31.2
8.0,31.2
8.4,31.2
8.8,31.2
9.2,31.2
9.6,31.2
10.0,31.2
11.2,31.2
12.8,31.2
13.6,31.2
14.0,31.2
14.4,31.2
15.2,31.2
15.6,31.2
18.4,31.2
19.2,31.2
21.2,31.2
21.6,31.2
22.0,31.2
23.2,31.2
23.6,31.2
24.4,31.2
25.2,31.2
25.6,31.2
0.0,30.8
1.2,30.8
2.0,30.8
3.2,30.8
3.6,30.8
5.2,30.8
5.6,30.8
6.0,30.8
6.4,30.8
7.2,30.8
8.0,30.8
8.4,30.8
8.8,30.8
9.2,30.8
9.6,30.8
10.0,30.8
11.2,30.8
12.8,30.8
13.6,30.8
14.0,30.8
14.4,30.8
15.2,30.8
15.6,30.8
18.4,30.8
19.2,30.8
21.2,30.8
21.6,30.8
22.0,30.8
23.2,30.8
23.6,30.8
24.4,30.8
25.2,30.8
25.6,30.8
0.4,30.4
0.8,30.4
1.6,30.4
2.4,30.4
2.8,30.4
4.0,30.4
4.4,30.4
4.8,30.4
6.8,30.4
7.6,30.4
10.4,30.4
10.8,30.4
11.6,30.4
12.0,30.4
12.4,30.4
13.2,30.4
14.8,30.4
16.0,30.4
16.4,30.4
16.8,30.4
17.2,30.4
17.6,30.4
18.0,30.4
18.8,30.4
19.6,30.4
20.0,30.4
20.4,30.4
20.8,30.4
22.4,30.4
22.8,30.4
24.0,30.4
24.8,30.4
26.0,30.4
0.4,30.0
0.8,30.0
1.6,30.0
2.4,30.0
2.8,30.0
4.0,30.0
4.4,30.0
4.8,30.0
6.8,30.0
7.6,30.0
10.4,30.0
10.8,30.0
11.6,30.0
12.0,30.0
12.4,30.0
13.2,30.0
14.8,30.0
16.0,30.0
16.4,30.0
16.8,30.0
17.2,30.0
17.6,30.0
18.0,30.0
18.8,30.0
19.6,30.0
20.0,30.0
20.4,30.0
20.8,30.0
22.4,30.0
22.8,30.0
24.0,30.0
24.8,30.0
26.0,30.0
0.0,29.6
1.2,29.6
2.0,29.6
3.2,29.6
3.6,29.6
5.2,29.6
5.6,29.6
6.0,29.6
6.4,29.6
7.2,29.6
8.0,29.6
8.4,29.6
8.8,29.6
9.2,29.6
9.6,29.6
10.0,29.6
11.2,29.6
12.8,29.6
13.6,29.6
14.0,29.6
14.4,29.6
15.2,29.6
15.6,29.6
18.4,29.6
19.2,29.6
21.2,29.6
21.6,29.6
22.0,29.6
23.2,29.6
23.6,29.6
24.4,29.6
25.2,29.6
25.6,29.6
0.0,29.2
1.2,29.2
2.0,29.2
3.2,29.2
3.6,29.2
5.2,29.2
5.6,29.2
6.0,29.2
6.4,29.2
7.2,29.2
8.0,29.2
8.4,29.2
8.8,29.2
9.2,29.2
9.6,29.2
10.0,29.2
11.2,29.2
12.8,29.2
13.6,29.2
14.0,29.2
14.4,29.2
15.2,29.2
15.6,29.2
18.4,29.2
19.2,29.2
21.2,29.2
21.6,29.2
22.0,29.2
23.2,29.2
23.6,29.2
24.4,29.2
25.2,29.2
25.6,29.2
0.4,28.8
0.8,28.8
1.6,28.8
2.4,28.8
2.8,28.8
4.0,28.8
4.4,28.8
4.8,28.8
6.8,28.8
7.6,28.8
10.4,28.8
10.8,28.8
11.6,28.8
12.0,28.8
12.4,28.8
13.2,28.8
14.8,28.8
16.0,28.8
16.4,28.8
16.8,28.8
17.2,28.8
17.6,28.8
18.0,28.8
18.8,28.8
19.6,28.8
20.0,28.8
20.4,28.8
20.8,28.8
22.4,28.8
22.8,28.8
24.0,28.8
24.8,28.8
26.0,28.8
0.0,28.4
1.2,28.4
2.0,28.4
3.2,28.4
3.6,28.4
5.2,28.4
5.6,28.4
6.0,28.4
6.4,28.4
7.2,28.4
8.0,28.4
8.4,28.4
8.8,28.4
9.2,28.4
9.6,28.4
10.0,28.4
11.2,28.4
12.8,28.4
13.6,28.4
14.0,28.4
14.4,28.4
15.2,28.4
15.6,28.4
18.4,28.4
19.2,28.4
21.2,28.4
21.6,28.4
22.0,28.4
23.2,28.4
23.6,28.4
24.4,28.4
25.2,28.4
25.6,28.4
0.4,28.0
0.8,28.0
1.6,28.0
2.4,28.0
2.8,28.0
4.0,28.0
4.4,28.0
4.8,28.0
6.8,28.0
7.6,28.0
10.4,28.0
10.8,28.0
11.6,28.0
12.0,28.0
12.4,28.0
13.2,28.0
14.8,28.0
16.0,28.0
16.4,28.0
16.8,28.0
17.2,28.0
17.6,28.0
18.0,28.0
18.8,28.0
19.6,28.0
20.0,28.0
20.4,28.0
20.8,28.0
22.4,28.0
22.8,28.0
24.0,28.0
24.8,28.0
26.0,28.0
0.0,27.6
1.2,27.6
2.0,27.6
3.2,27.6
3.6,27.6
5.2,27.6
5.6,27.6
6.0,27.6
6.4,27.6
7.2,27.6
8.0,27.6
8.4,27.6
8.8,27.6
9.2,27.6
9.6,27.6
10.0,27.6
11.2,27.6
12.8,27.6
13.6,27.6
14.0,27.6
14.4,27.6
15.2,27.6
15.6,27.6
18.4,27.6
19.2,27.6
21.2,27.6
21.6,27.6
22.0,27.6
23.2,27.6
23.6,27.6
24.4,27.6
25.2,27.6
25.6,27.6
0.0,27.2
1.2,27.2
2.0,27.2
3.2,27.2
3.6,27.2
5.2,27.2
5.6,27.2
6.0,27.2
6.4,27.2
7.2,27.2
8.0,27.2
8.4,27.2
8.8,27.2
9.2,27.2
9.6,27.2
10.0,27.2
11.2,27.2
12.8,27.2
13.6,27.2
14.0,27.2
14.4,27.2
15.2,27.2
15.6,27.2
18.4,27.2
19.2,27.2
21.2,27.2
21.6,27.2
22.0,27.2
23.2,27.2
23.6,27.2
24.4,27.2
25.2,27.2
25.6,27.2
0.4,26.8
0.8,26.8
1.6,26.8
2.4,26.8
2.8,26.8
4.0,26.8
4.4,26.8
4.8,26.8
6.8,26.8
7.6,26.8
10.4,26.8
10.8,26.8
11.6,26.8
12.0,26.8
12.4,26.8
13.2,26.8
14.8,26.8
16.0,26.8
16.4,26.8
16.8,26.8
17.2,26.8
17.6,26.8
18.0,26.8
18.8,26.8
19.6,26.8
20.0,26.8
20.4,26.8
20.8,26.8
22.4,26.8
22.8,26.8
24.0,26.8
24.8,26.8
26.0,26.8
